	F_value	p_value	DOF_between	DOF_within	Barcodes	Experiments	States
bd5B9E100S	2.32483662045	0.0729679282062	4.0	40.0	5	9	100
bd1000B100E16S	1.02419576523	0.291711239113	999.0	99000.0	1000	100	16
bd1000B10E100S	0.985780175027	0.614279270618	999.0	9000.0	1000	10	100
bd100B4E20S	0.930859619483	0.657728150688	99.0	300.0	100	4	20
bd5B4E15S	0.554347874174	0.699025034041	4.0	15.0	5	4	15
bd1000B4E5S	1.0238924167	0.320424717406	999.0	3000.0	1000	4	5
bd10B2E10S	1.27030296685	0.355492756599	9.0	10.0	10	2	10
bd1000B3E20S	1.12448353731	0.0153653971628	999.0	2000.0	1000	3	20
bd1000B8E5S	0.956659765872	0.818372319399	999.0	7000.0	1000	8	5
bd100B1E25S			99.0	0.0	100	1	25
bd100B7E20S	1.15534798807	0.160296333332	99.0	600.0	100	7	20
bd5B8E15S	0.76850555044	0.55300577775	4.0	35.0	5	8	15
bd100B2E10S	0.905950477939	0.68825075165	99.0	100.0	100	2	10
bd5B2E100S	0.463990929705	0.761600431436	4.0	5.0	5	2	100
bd10B1E10S			9.0	0.0	10	1	10
bd100B10E10S	0.980085036895	0.5373673439	99.0	900.0	100	10	10
bd1000B6E25S	1.07728079987	0.0615168977597	999.0	5000.0	1000	6	25
bd5B10E100S	1.23135350748	0.311075416334	4.0	45.0	5	10	100
bd1000B2E20S	1.0067087158	0.4579191106	999.0	1000.0	1000	2	20
bd5B5E15S	0.468800082512	0.75795681013	4.0	20.0	5	5	15
bd100B8E10S	1.13154220175	0.193850536358	99.0	700.0	100	8	10
bd1000B2E10S	0.995051276489	0.531241317349	999.0	1000.0	1000	2	10
bd100B3E5S	1.02969781053	0.425452473463	99.0	200.0	100	3	5
bd100B9E20S	0.784447777706	0.935830661964	99.0	800.0	100	9	20
bd1000B5E25S	0.967735994641	0.740021374297	999.0	4000.0	1000	5	25
bd100B6E5S	0.899685868013	0.737609953996	99.0	500.0	100	6	5
bd100B2E5S	0.935188902317	0.630420055817	99.0	100.0	100	2	5
bd100B5E5S	1.0760239988	0.309838223835	99.0	400.0	100	5	5
bd1000B7E25S	0.98533629652	0.615469715306	999.0	6000.0	1000	7	25
bd5B2E15S	0.243524651427	0.902056694841	4.0	5.0	5	2	15
bd1000B3E5S	0.961631431804	0.759990756151	999.0	2000.0	1000	3	5
bd10B2E5S	0.984012636474	0.505026665778	9.0	10.0	10	2	5
bd100B1E15S	0.0		99.0	0.0	100	1	15
bd10B10E16S	1.75248070021	0.0886230780917	9.0	90.0	10	10	16
bd100B3E10S	0.883838298336	0.753201628219	99.0	200.0	100	3	10
bd100B8E5S	0.847698396581	0.847701662614	99.0	700.0	100	8	5
bd5B9E15S	0.400997926842	0.806746277408	4.0	40.0	5	9	15
bd1000B1E20S	0.0		999.0	0.0	1000	1	20
bd100B4E15S	0.996688848133	0.497067442335	99.0	300.0	100	4	15
bd100B9E25S	0.907361154108	0.724855610791	99.0	800.0	100	9	25
bd1000B1E25S	-0.0		999.0	0.0	1000	1	25
bd5B2E5S	0.832215500614	0.558233560769	4.0	5.0	5	2	5
bd100B9E15S	1.06060763476	0.332744660921	99.0	800.0	100	9	15
bd1000B10E16S	1.16068743446	0.000607384412824	999.0	9000.0	1000	10	16
bd1000B2E15S	1.02316326572	0.358716270541	999.0	1000.0	1000	2	15
bd5B3E100S	0.20617208613	0.929168460858	4.0	10.0	5	3	100
bd1000B4E25S	0.986311765094	0.601734746064	999.0	3000.0	1000	4	25
bd100B50E16S	0.945709693588	0.632751334301	99.0	4900.0	100	50	16
bd5B1E15S			4.0	0.0	5	1	15
bd1000B1E15S	-0.0		999.0	0.0	1000	1	15
bd1000B10E5S	0.955236314653	0.829572577809	999.0	9000.0	1000	10	5
bd1000B9E15S	0.994062838193	0.545011628634	999.0	8000.0	1000	9	15
bd100B1E5S	-0.0		99.0	0.0	100	1	5
bd100B50E100S	0.815553158863	0.907978796028	99.0	4900.0	100	50	100
bd5B3E15S	1.41382300553	0.298408703928	4.0	10.0	5	3	15
bd100B100E16S	1.19934918538	0.0873274085222	99.0	9900.0	100	100	16
bd1000B100E100S	0.959608112497	0.814869085997	999.0	99000.0	1000	100	100
bd100B10E20S	1.04718134615	0.36334243186	99.0	900.0	100	10	20
bd100B1E20S	-0.0		99.0	0.0	100	1	20
bd100B100E100S	1.03295425298	0.391753837942	99.0	9900.0	100	100	100
bd1000B10E15S	1.01234999027	0.392332725938	999.0	9000.0	1000	10	15
bd100B9E5S	1.04626947957	0.366600927284	99.0	800.0	100	9	5
bd100B5E20S	0.766952506798	0.944371216199	99.0	400.0	100	5	20
bd1000B7E10S	1.01841107465	0.348338794088	999.0	6000.0	1000	7	10
bd100B4E10S	0.862038117094	0.806590731086	99.0	300.0	100	4	10
bd100B3E25S	1.10942000006	0.267821663389	99.0	200.0	100	3	25
bd5B7E100S	0.231921135245	0.918236411766	4.0	30.0	5	7	100
bd5B4E100S	0.890294023419	0.493569407309	4.0	15.0	5	4	100
bd1000B9E25S	1.02684015599	0.283557205517	999.0	8000.0	1000	9	25
bd1000B1E5S	0.0		999.0	0.0	1000	1	5
bd10B100E100S	0.709947747851	0.700187208631	9.0	990.0	10	100	100
bd1000B5E5S	1.06385499018	0.10474161997	999.0	4000.0	1000	5	5
bd100B6E20S	0.830558422924	0.871327185004	99.0	500.0	100	6	20
bd1000B4E15S	1.0340961279	0.254835478803	999.0	3000.0	1000	4	15
bd1000B10E25S	0.921202500249	0.956240986523	999.0	9000.0	1000	10	25
bd1000B8E20S	1.04002013481	0.201487483609	999.0	7000.0	1000	8	20
bd5B1E5S			4.0	0.0	5	1	5
bd1000B7E20S	0.939357929482	0.898537957936	999.0	6000.0	1000	7	20
bd5B8E100S	0.848493254681	0.504210679755	4.0	35.0	5	8	100
bd10B100E16S	1.11963637789	0.345555753552	9.0	990.0	10	100	16
bd1000B5E20S	1.0246837044	0.309022904771	999.0	4000.0	1000	5	20
bd5B6E15S	2.21068727619	0.0968194025892	4.0	25.0	5	6	15
bd100B8E25S	1.07037185044	0.312304694378	99.0	700.0	100	8	25
bd100B7E25S	0.956907882351	0.598179028254	99.0	600.0	100	7	25
bd1000B10E10S	0.962644918989	0.785381735112	999.0	9000.0	1000	10	10
bd1000B4E20S	1.00233451669	0.478564189356	999.0	3000.0	1000	4	20
bd5B1E10S			4.0	0.0	5	1	10
bd100B3E15S	1.21225902243	0.127864231765	99.0	200.0	100	3	15
bd5B1E100S			4.0	0.0	5	1	100
bd5B5E100S	0.756819336985	0.565404252092	4.0	20.0	5	5	100
bd100B8E15S	0.865386943285	0.814864349398	99.0	700.0	100	8	15
bd5B6E100S	1.12459082681	0.367367214227	4.0	25.0	5	6	100
bd1000B8E10S	1.01237601061	0.393774875352	999.0	7000.0	1000	8	10
bd1000B6E20S	1.05433082699	0.136404093401	999.0	5000.0	1000	6	20
bd1000B6E10S	1.01794361347	0.354036012965	999.0	5000.0	1000	6	10
bd1000B3E25S	1.00920209508	0.431194223393	999.0	2000.0	1000	3	25
bd10B50E100S	1.36853387837	0.199520826018	9.0	490.0	10	50	100
bd1000B6E5S	1.06018946583	0.11293412489	999.0	5000.0	1000	6	5
bd1000B3E15S	1.00026852839	0.495613252257	999.0	2000.0	1000	3	15
bd100B1E10S			99.0	0.0	100	1	10
bd100B3E20S	0.847700933871	0.821285727251	99.0	200.0	100	3	20
bd100B5E15S	0.869882642352	0.797495003375	99.0	400.0	100	5	15
bd100B2E15S	1.30142274388	0.0951960912795	99.0	100.0	100	2	15
bd100B5E25S	0.989094263701	0.51474376733	99.0	400.0	100	5	25
bd100B2E25S	0.804972390424	0.859417980279	99.0	100.0	100	2	25
bd100B7E15S	0.795636572639	0.920977935009	99.0	600.0	100	7	15
bd1000B50E16S	1.03935919272	0.191101982186	999.0	49000.0	1000	50	16
bd100B6E10S	1.00624581507	0.470207981892	99.0	500.0	100	6	10
bd1000B7E5S	1.03486220486	0.234701712284	999.0	6000.0	1000	7	5
bd1000B5E10S	0.962242590049	0.775293226752	999.0	4000.0	1000	5	10
bd5B7E15S	1.60988349939	0.197520277126	4.0	30.0	5	7	15
bd1000B10E20S	0.965619504614	0.76599498649	999.0	9000.0	1000	10	20
bd1000B8E25S	0.993201444149	0.551925530169	999.0	7000.0	1000	8	25
bd1000B9E5S	1.02090254575	0.326584065147	999.0	8000.0	1000	9	5
bd1000B50E100S	1.03185502573	0.238318691005	999.0	49000.0	1000	50	100
bd1000B7E15S	0.969243303592	0.736458043739	999.0	6000.0	1000	7	15
bd1000B3E10S	0.999237907406	0.503117643321	999.0	2000.0	1000	3	10
bd100B6E15S	1.11333835506	0.231979147416	99.0	500.0	100	6	15
bd100B8E20S	0.8188476021	0.893282332971	99.0	700.0	100	8	20
bd10B10E100S	2.53790941917	0.0121094543773	9.0	90.0	10	10	100
bd1000B9E10S	1.02830369018	0.273411159995	999.0	8000.0	1000	9	10
bd100B10E16S	1.05661837006	0.340826151066	99.0	900.0	100	10	16
bd1000B5E15S	0.98808043481	0.590720855399	999.0	4000.0	1000	5	15
bd100B2E20S	1.06102853862	0.383982916217	99.0	100.0	100	2	20
bd100B4E5S	1.1375591717	0.205802228133	99.0	300.0	100	4	5
bd100B6E25S	0.936026165457	0.65047896235	99.0	500.0	100	6	25
bd1000B4E10S	0.879038408901	0.993044986304	999.0	3000.0	1000	4	10
bd100B7E10S	0.947026760272	0.623783239462	99.0	600.0	100	7	10
bd1000B8E15S	1.10502106581	0.01675771426	999.0	7000.0	1000	8	15
bd1000B9E20S	0.882629436132	0.995004219927	999.0	8000.0	1000	9	20
bd100B9E10S	1.03031645502	0.405944039924	99.0	800.0	100	9	10
bd1000B6E15S	0.903715065337	0.978891081661	999.0	5000.0	1000	6	15
bd1000B2E25S	1.07513917073	0.12613435868	999.0	1000.0	1000	2	25
bd100B7E5S	0.921104267381	0.689070489325	99.0	600.0	100	7	5
bd10B1E5S			9.0	0.0	10	1	5
bd100B4E25S	1.0737182507	0.321532739229	99.0	300.0	100	4	25
bd100B10E100S	0.972599583947	0.557498375501	99.0	900.0	100	10	100
bd100B10E5S	0.956276733521	0.601203637614	99.0	900.0	100	10	5
bd1000B1E10S	-0.0		999.0	0.0	1000	1	10
bd5B2E10S	1.16295371615	0.425885433519	4.0	5.0	5	2	10
bd5B10E15S	0.774557743836	0.54755025638	4.0	45.0	5	10	15
bd1000B2E5S	0.99857425889	0.508990278494	999.0	1000.0	1000	2	5
bd100B5E10S	0.909811023433	0.711246598051	99.0	400.0	100	5	10
bd100B10E25S	0.991511862964	0.506686307024	99.0	900.0	100	10	25
bd10B50E16S	1.60413341355	0.111067749257	9.0	490.0	10	50	16
bd100B10E15S	0.989130906966	0.513067019284	99.0	900.0	100	10	15
