-0.000498876003954993
-0.00176355248123884
0.00177042643892711
0.000894459093315288
0.00094679648744088
0.00179478883528641
0.00166662021043572
0.000900159020488522
-0.0130687122195453
0.00108540953366255
0.00222181769907449
-0.00123687628995826
0.00200347657382283
0.000152498080359143
0.0013002464125757
0.000811156731479285
0.00130644772009862
0.00183679222421401
0.00143857141534716
-0.00278315209584991
0.000509442506379352
-0.000422316291532911
0.000352252276572355
-0.000616802605998619
-0.00063035124651936
-0.00134504552735866
0.00419367114829492
-3.70545069591201e-05
-0.000970445898261975
0.00290296949926704
-0.00354914516828963
-0.00142942604016214
0.00177518558667225
0.00154810660103319
0.000347249893830588
0.000210548659393099
-0.00184023644504598
-0.000156818183204498
0.00899779393847201
-0.00152383993919519
-0.00155944673188182
0.00102309064439934
-0.00284412587699685
0.000781398380086675
-0.0019565731820898
0.00398960022750033
0.000292683422638473
-0.00140708645347287
-0.00434995367333301
-0.0007543425368524
0.000888354777628056
0.000855878943086008
-0.00297770309524457
-0.000561006672809064
0.00840359052707391
-0.00270791932664666
0.00481415907033397
0.000184798878606313
-0.00235936994355418
-0.00187569533826344
-0.000790734218802605
0.00150220568818246
0.00286027236977475
-0.00334613915388688
0.000645855851118558
0.0015238963764133
0.00155488849561424
-0.00299855014803318
-0.00154775569048672
-0.000377799980837706
0.00225627729261632
-0.00712575648655096
-0.000678957348224266
-0.00130343022134269
-0.000133235997628585
0.00162236458741164
-0.00942025786631382
0.00454410700218764
-0.000142026298386854
-0.000743295310011464
-0.00385339980833536
-0.00300418147311832
0.0026116484650439
6.31163402076092e-05
0.000612280052043524
-0.00284487067244931
-0.00176555995351922
-0.000438978259344767
-0.001760261217144
-0.00265054033514333
-0.00116455271644759
-0.00109769126298396
-0.00130245866315201
-0.00103336904239395
0.00022067132415167
-0.000843877151696186
-2.79478257251857e-05
0.000626259720349085
0
0.000158432995661918
0.00122815828214259
0.000151133387629587
-0.00266765743890922
-0.000914484344607659
0.00104986164796586
-0.000890297135483593
8.2572191665546e-05
0.00206449710908302
-0.000360687750121515
0.00185182796026765
-0.000713544476024577
-0.000592248503791188
-0.0100566928972018
-0.00215928221065909
0.001426693221042
0.000546224939556429
-1.80339168713364e-05
0.000166339301387531
-0.00129093148059854
0.00212359650630457
-0.00174508743214467
0.00201830756087611
-0.000322434909361955
0.000290295901488097
0.000321417109243934
0.00281424141686336
-0.00353036951665483
0.00135766459552706
-0.00438103005984866
-0.00296873134076206
-0.00646030509885243
0.00216577695177474
-0.000828393229304676
-9.16259160014567e-05
-0.00376262032350904
0.00184151274798183
-0.00144462710772172
-0.000389197131336728
-0.00111951807908967
-0.00300563929451173
-0.00108204685695814
-0.000934147942704725
-0.00178926472725465
0.000740167814196637
0.00206898703601935
0.00499226419384091
-0.000342471159538107
0
-0.00158543905029847
-0.00183014518711679
-0.00225161457172929
0.00200806788877343
-0.00123417417488726
-0.00255616665157059
0.00141037031698719
-0.00139707152599509
0.00164858170134408
0.00183245873134459
-0.00354362857001668
-0.00107351041553326
-0.00122322795149195
-0.00105296594575345
0.00368548974608076
-0.00243281257953971
-0.00327198890632167
-0.00125314190338123
-0.00737386460692384
0.00402637045228912
-3.834616132872e-05
-0.00201677194102729
-0.000276214770437537
-0.000691619599137051
0.00389550833582778
-0.000970411676196134
-0.00100723724060764
-0.00192889578469522
-0.000923132859876888
0.00246879462786614
-0.000362433166141414
-0.00247348150108613
0.000205402408305753
-0.00979194555406675
-0.00265795895768242
-0.00818468198519865
-0.000239494794831547
0.000664089418572071
0.000312194351811999
0.00467196873722811
-0.00328901169678364
-0.000916528446941933
-0.00166531930444401
-0.000450731249321044
-0.000710921377851522
5.04939351077056e-05
0.000142406634694289
-0.00159797293906129
0.00087785184070775
-0.00153147576283369
0.00204081997649072
0.00120787097974898
0.00106963560996388
-0.00150892817472299
-0.000658958361872197
-0.00130792247615956
-0.000266619796091528
0.00202141174487559
0.000555937135872845
-0.000418657926425469
-0.00319892836200426
0.00328177476543315
0.000875527933556379
-0.00144287560426014
0.00077003145857082
-0.000259997526316707
-0.00587920642032382
-0.000274630070297691
-0.00620039540304879
0.00217066272482686
0.000254357737584526
-0.00113199219411741
-0.000956254769640599
-0.00144380361830547
-0.00435363974336252
-0.000904188044558117
-0.00642340729265944
-0.000858997480167325
-0.000432618474940018
-0.000146369340530147
-0.000594771598272785
-0.0018425684947786
-0.00428083528678474
-0.00557884077274449
-0.0012057879697809
-0.00716873961553195
-0.000255609251262823
0.00194113912758363
-0.00109961505019197
-0.000278303077791885
-0.00156889480483792
0.00124095176334035
-0.00766110508869947
0.00193437014473927
9.6136905797966e-05
-0.00154805637343271
-0.00237449714329448
-0.000461707824298085
4.58233012890225e-05
-0.000251840434835159
-0.000400710526900996
-0.00104037481531929
0.000305138554118091
0.000356852447941477
-0.00326315417761541
-0.00158878649974492
0.00171449362875202
-0.00160362571521297
-0.00167060283823623
0.000326138945053525
-0.00390700210532216
-0.00480796786067542
0
0.00237117500328347
-0.00150516410321179
0.00199149407978891
0.000146825655586279
-0.000193613480028501
-0.00151987102500216
0.00255735053435852
-0.00202451992744673
-0.00100213213968011
-0.00200867236466538
0.000765690503530406
0.000221719833516003
-0.00159440244434637
0.00138808973172445
0.000953175754284479
0.000336156648465007
-0.00519751529188138
-0.00287375572947779
-0.00455635039743256
0.000112803782355514
0.00084744633698493
-0.00222006771339327
-0.00330905745212853
-0.000735312345504035
0.00155400948055641
0.000881446314753629
0.0087436411120949
-0.0119712283467354
-0.00785995327511113
-0.00307832490628893
-0.00150845133581841
9.43745820590318e-05
-0.00035860857668752
-0.000374324032768087
0.00491977842422974
0.00770321253793408
0.000891082695983494
-0.00178451724385444
-0.00208202787822752
0.000443499109284786
-0.00371243882444399
-0.00193558067714919
-0.000789588229357391
-0.00161598189696196
0.000212397725953153
-0.00152811940584218
-0.00117750652502023
0.000112777836195404
0.00406260262091033
0.00139095106360635
0.00240102005552374
0.00246041623924215
0.000163785127611421
0.00336428750071932
-0.00408102202029942
0.00122922022283292
-0.00213658606276997
-0.00457371181867184
0.000395040582956218
-0.000203434529104259
-0.00128645491783471
-0.00747913864103446
-0.00499226419384091
-0.000277279759244024
-0.00187873767471658
0.00281315882781306
-0.000237033827091727
-0.000799314038385863
-0.000271479812779623
-8.55612047096954e-05
-0.00112168659972497
0.0105654082324676
-0.0003660172894934
-0.0017058969869484
-0.00292376645876703
-0.00656900056039828
0.00755300415075343
-0.000709176896360716
-0.00243129189640763
0.00566332988069643
-0.000716835445732911
-0.00164605577225643
-0.00281122441942146
0.00113716388936429
-0.00191201281298437
0.000284129116945213
-0.000446345579360596
0.00264134880283454
0.000540620871104317
-0.00206395484948226
0.0027131981846936
-0.000853708784611815
-0.000878171085939223
-0.000598490732999208
0.00517015621822781
-0.00026737318488511
0.00389287187972117
0.00234240167123582
-0.000798576419031152
0.0018866281694338
-0.00365405414103483
0.000102163883268616
-0.00338450869498845
0.00314400479980106
0.000151066695179076
0.00298986796549834
