0.01213751215723
0.000861913337571192
-0.00027844817884397
0.00756656259209025
0.00482236634325052
0.00471007511855693
0.000382389122670177
0.000738682752163852
0.00832283269275264
-0.000617884057637047
-0.000226741188980495
-0.00122184142875736
0.000892181574752354
-0.00307060555274068
-0.00832283269275264
0.00324399601954698
-0.00257763558057733
-0.000738748304470655
-0.000225562468844131
-0.00124467819925735
0.00252089271311646
-0.00207963228447764
0.0016304797810221
-0.00234313580301783
-0.00484996022629046
0.0124540087666516
-0.00134409037847939
0.000255455964321044
-0.0093237964932464
-0.00116797783828171
-0.0010774535831181
-0.000321533247114856
-0.00171360655581431
0.00104573749846299
-0.00106903155188484
-8.94448185519171e-05
-0.00516550499959025
-0.000202987339930116
-0.00315325184757652
0.000874687008861378
-0.000838896172805594
-0.000282681926300296
-0.00290854362712936
-8.87000590366642e-05
-0.00342644217167726
-0.00230138565783927
-0.000460707326821393
0.00169299658657199
-0.00422443440811514
-0.00856428642381874
0.0111849243211516
-0.000876683834941573
-0.00144454862850031
-0.0037923339510953
0.00148010805385912
0.00610923327326908
-0.00218583443526309
0.00158562388756227
0.000170588529141865
-0.00701124024976603
-0.000564409123055711
-0.00704060425257309
-0.0096625095291747
0.00531634398771399
-0.000369918824201024
0.000307340892492479
-0.00189125443835959
0.00135946324462303
-0.00735246810322103
-0.00189107286960426
0.00178642645887565
0.00407939979501397
0.00446488797716703
0.00269595154454884
0
-0.00079285454711362
0.00183711801645431
0.0153990703318525
0.00251315440203389
-0.00931414397009259
-3.6195379962155e-05
-0.00127835470054401
9.08538290874024e-05
-0.00292956230883419
0.00148478182506635
-0.00376381970701725
0.0044737684153874
0.00892828494795287
-0.00219081434195057
-3.32027823954466e-05
0.00094230981269877
0.00331683783070393
-0.00158398285805953
-0.00572948573150439
-0.00016692964893125
-0.00286321819124818
-0.0035885248825233
-0.00272642488354198
-0.00135705840271313
-0.00208836149651955
-0.0044446761061355
-0.0122054653273384
-0.00149575237246606
0.000881783008472436
-0.00140791950977841
0.00449278570369333
-0.000779418582198232
0.00010492795057676
-0.0125256829477855
0
-0.00235042523248408
0.00169182989841513
-0.0021304121264591
-0.00325626362262084
-0.00271010284236957
-0.00316247660311307
-0.00286322719266559
0.00041094794963559
0.00032331940493875
-0.00042100627683021
0.000215965505290132
0.00450837669835659
0.00149630925154342
0.00570245636217703
0
-0.000937950927827333
-0.00262828502153641
0.000127563154293366
-0.0112895095473016
-0.00278365427254681
-0.00386619601656999
-0.00515247605834633
-0.00536729908111192
-0.000103063291950538
0.00945320027557875
-0.00158477972579017
0.00155540158577584
0.000991875866283119
0.000558159191098633
0.00911794078605967
0.00684896114799772
-0.00728030037459731
-0.00168564859889437
-0.000568597063568577
-0.00722823701665651
-0.0015886764470613
-0.00205247892412892
-0.00534212574192997
-0.000903157968458281
-0.00588736199342264
-0.0061670378934252
0.00038082611137239
0.00119985500255876
-0.00142896092724868
-0.00336020477974547
-0.00530199367812741
0.00430639369540226
-0.000504325147688858
0.000144594165285766
0.00163605643203838
-0.0052886590336336
-0.000701464095227975
0.000447233943508921
-0.00765520842712113
0.000133053848496611
0.000741608350021803
-0.000112352262651354
0.000212034497460788
-0.0013059028552448
0.000376885491114201
-0.00126550799081518
-0.00147311558629449
-0.0114651341730817
0.000783086382957543
0.00215033372123465
0.00220033096170601
-0.000284102832665075
-0.000959482026051168
-0.00177452146519397
-0.00249942501589911
-0.0010621857046992
-0.00142762222034537
-0.000740172516798464
0.000988696030745795
-0.00417933012150876
-0.000932791483091651
-0.00304552663191351
-0.00222513814136641
0.00110101767478689
-0.000653485445915465
0.000885286978514173
-0.00386171839717954
0.000986250345358865
0.00340059043145866
0.000315100078038551
0.000915708233991922
-0.000773044570755441
-0.00299830105735525
-0.00169245373380538
-0.00243427251251819
0.00330625177706264
0.000225806668929001
-0.00581802713143803
-0.000115893043491187
0.000432373447579014
0.000460929441564254
-0.00461742278279078
-0.0017392689453431
-0.00010578008908606
-0.000216394817949693
-0.00223237886587485
0.000914682488820174
0.000499882515455788
6.91324926743035e-05
-0.00611142419474702
-0.00253818177509845
-0.00160041787416032
0.00192773103258562
0.00127120775435425
0.0140902023040703
-0.00144989550731368
0.000661249035664693
0.000557221433833696
-0.000619518481288109
-0.00499541657060936
-0.00352090356544015
-0.000418930636877382
0.000580375983075928
-0.00279571571107651
-0.00622139553326351
0.00213246079933461
0.00856969365939201
-0.00133182431314717
-0.00130061799556253
-0.000251009707530305
-0.000512084075326815
0.0107426150875136
6.27714149220378e-05
0.00261169994526976
-0.00253248642037521
-0.00550109318279838
0.000743549075713937
-0.0018758718932987
-0.00257547976296233
0.00479630144988135
0.00203570113647026
0.000693781047783125
0.00855460191145983
-0.00175368581086764
0.0104224904381024
-0.000341175532869012
-0.0013462198639749
0.00477344128649282
0.000498331031401792
0.000258157449535953
-0.001896687105912
-0.0061183194601021
-0.00488634916176766
0.000520918321978445
-0.0054710532798937
-0.00294450842650034
-0.00224120327987348
0.00396774447463965
-0.0023645145870502
0.00115428560816502
0.0043979191190134
0.000499283239130942
-0.0081646447411415
-0.00375586888963942
-0.00101362592409785
-0.00446955179212727
-0.00277369661249648
-0.000593786633864157
-0.000396473624530889
-0.0018707186429458
0.00221516022166282
0.00371179973252181
0.00195014971445355
-0.00923484556558156
-4.86363402558931e-05
-0.00230128049733786
-0.00182830736885885
0.00827242700108581
-0.000332119269815981
-0.0108133659916814
-0.00499027306745549
-0.00163666369856358
-0.0011813331209474
-0.0024075555987954
-0.00729266028985917
0.00124391955386012
-0.00405986520926745
0.00449825519530433
0.0032059783399833
-0.00522942617495187
0.00142026447733834
0.000816654218912088
-0.000201785113524957
-0.00106214670644676
-0.0102222463268566
0.000155833834950881
-0.000755469653499387
-3.99997464294784e-05
-0.00356587450053608
0.00483402411403876
0.000954521233334043
0.00337163909061346
-0.00212255088659688
-0.000216131329682929
-0.00303227222837966
-0.00637993039524941
-0.000511257571705103
-0.00151443613564478
-0.00341653772898904
0.000527071726283285
-0.000333351679041688
-0.000385312145314849
-0.00789132183068654
-0.000859440667416522
-0.00128027128332222
0.00752115631635422
-1.58972109045865e-05
-0.00166303297976878
-0.0016174765309202
-0.00183337911887944
-0.00107845656080703
-0.00322495104577424
0.00140402604688171
-0.000435604993385142
-0.00524861998474945
-0.00264001795475332
0.000325785395342196
-0.0040456717403321
-0.00169862331228272
0.00222219922744447
0.00443907902215683
-0.00418846310764176
0.00175307941024315
0.00453618410436201
0.00287909469332246
-2.29989255772014e-05
-0.000645104967230574
-0.00168826981223626
-0.00235581177043502
0.00115904449805454
0.000224632839734271
-0.00511446917445571
