-0.000273869134123945
0.000400101308155339
0.000698714455391727
0.000577445214528716
0.000685930380634683
-0.00103206534433777
0.000127893813339932
-0.000397143006926836
-0.00114304856364212
-0.00157575834420572
-0.000507473742210932
0.00433426675941479
0.000170780079904826
-0.00198744597900634
0.00144854183400691
0.00034092715597074
-0.0015906110208046
-0.00503115179574405
0.000201295475667276
0.00171866016402917
-0.000765145485400779
0.00312077483998031
-0.000317018101002176
0.00218164841415196
-0.000541877765015268
0.00227475504088916
0.000343396506008171
0.00171481997375554
-0.000505773965983171
-0.000604112724755299
-0.000500162588222069
-0.00529276596938832
0.000753840772842114
-0.000622368964923331
0.00636680626526782
-0.00205825397835115
-0.00234050959265945
-0.000110924953844309
-0.00191532109380276
-0.000404739151468284
0
0.00295554565858481
0.00584944648615102
-0.00393340498252065
-0.00335322286046258
-7.49409214690338e-05
-0.000130056297643348
-0.000213682114890025
0.000832560325776136
0.000621217909310861
-0.000966495466728844
-0.00109106526772339
-0.00024531385141057
-0.000587719139855103
0.000545672342381627
-0.000200291034138522
0.00090213016208787
0.000437159460708793
0.00193126465594526
-0.000566769280181672
0.000438788870579606
0.00173813337010108
0.000568159992828733
0.00123051500638684
0.00503185528969917
-0.00362258156816257
0.000190808617335339
-0.00414951116647332
0.000481186891132393
-0.000557704202779625
0.000131162914590896
0.00154578677198064
-0.00414839898226778
0.000482140034379894
-0.000519780533285894
0.00117200411048467
0.00110278541170331
-5.87116790689898e-05
0.000140888684434146
0.000386010490476805
0.000157259279992985
0.00377802018256117
0.00478925955180967
2.84911149674238e-06
0.000830365270667626
1.6087429111567e-05
-0.000523981254646892
-0.000612495449405945
0
-0.00398765097161428
0.00452886902348829
-0.000673700539130289
-0.00067919277670689
1.95081327962788e-05
-0.000194555914287825
-0.00177522619030829
-0.00101959962885902
-0.000668176561878455
0.000375756393603155
0
0.000353356943705325
-0.00110142729936378
-0.00213755379256163
0.00209437978596581
0.00168497186147089
0.000437750396042538
0.000155927017700967
-0.0122311820324782
-0.00060724288248238
-0.000505175029763214
0.000396643951659262
-0.000352540516464542
0.00251687764090999
-0.000188292191559799
9.0998417114777e-05
-0.0041072979774376
-3.71699769487109e-05
0.000211122930241277
-0.000911621693563319
0.000276269038739038
1.49863195311403e-05
0.000196174369653235
0.00266430491184302
0.000174159614018102
0.000220009968581709
0.00115230297234611
0.00349993829915444
-7.73083839564194e-05
-0.000592685471718007
0.000338801795528855
0.00232852227891096
-0.000560211302220149
0
0.00101362648437554
0
0.00283926777592122
0.00597042300339968
6.58561492607835e-05
0
0.000226170344791869
-0.0020473415810652
-0.00334325588725817
0.000713887544228166
0.00303202220277128
0.00423374827192802
-0.00219267809788768
-0.00217456018035433
0.000441197184193939
0.00173803100822897
0.00230112432454134
-0.00231400514364644
-0.000129560062919238
0.000882924561407566
-0.00186680545246885
0.000619499401316912
-0.00132825409640653
-0.00134374910122
-0.00013649955590074
0.00397820222413395
-0.00177182662566133
0.00382564634435849
-5.06288606345056e-05
0.000968484361731612
-0.000582116864169621
-0.000164168703149698
0.00823120921555097
9.35283232039835e-06
0.00165025293571544
-0.00352523737898672
0.00163900247416558
-5.23506273611998e-05
-0.00151139964496554
0.000552921693745757
-0.000801301136004489
-0.000105548682503279
-0.000155695688350084
0.000142739060411204
0.0062385581924603
0.00141475802187726
-0.00143680766934132
0.000256660343270824
8.14272511533696e-05
0
-0.00113917165676641
0.00669619885202087
-0.00185415211166576
7.80582546677727e-06
-0.0013610272905806
4.70024225484783e-05
0.00182507733629267
0.00352109211504779
0.000735209009615508
0.000823011210182639
0.000636009482680929
0.00168857978182741
0.00127889739899984
-0.000583680959630235
0.000317606266104057
-0.000724644178156184
0.000107868764134882
0.000621663403128005
-0.000276807047851035
0.00255015688071539
0.000438711911595816
0
-0.00291492058870053
0.000676564796096368
0.000165658085999147
0.00149016765733032
0.000653078280410201
-0.000300239451685924
-0.00144717696622903
-0.00153843691953978
-0.00603489854588517
0.00174711333066905
-0.00222568837874237
0.00206812329680935
0.00381830333305412
-6.26196457133659e-05
0.000953454780883545
0.000594787873667182
-0.000169971418413918
0.001615698214223
0.00340115480554551
0.000360466292354757
-0.000105384913925986
-3.7411151184443e-05
-3.80482563477306e-06
-0.000397560996810921
-1.56480281887101e-05
-1.34024998425091e-05
-0.00156617935868929
0.000449312615497652
0.000316137106674274
0.00162508793146495
-0.000223181697201661
0.000340546096678025
0.000774500595799723
0.00324378005770522
6.84156794550734e-05
0.000344523761302962
0.000215432303164577
0.000151481015330431
0
-0.000781761385166706
-0.00112368352322406
0.000133329359984389
-0.000365309556266433
-0.000347314596854807
7.96520203398365e-05
-0.00108922569452871
-0.000457827808726078
0.000506034505811096
-0.00115452125340066
-0.00181948224217372
-0.00114234940245901
-0.00123162914475362
0.00323533255697302
-0.00149849254959434
0.00382341488774011
-0.00293953909035481
-0.00108658894893672
-0.00137407078589995
-0.000774155434497382
0.00158357615197849
0.00117099481641354
-0.0014717233267647
0.000775754094886361
3.07981250601629e-05
5.16078177338917e-05
0.000383991010887682
-0.000256127363059499
-0.000313381585457285
-0.000148905645603804
-0.00258349533621258
-0.000178788562237823
-0.00535025317623905
-0.000974748094691484
0.000183264724265568
-0.00200471058641454
0.000125119680638829
-0.000596306138077438
-0.00262975019035058
-0.000833936829056293
0.000717652179787968
-0.000244007102908765
-0.000248857705090485
1.22781581437525e-05
-0.00419836585221728
-0.00162238836927348
0
0.00125352554796178
0.000477514311130293
-0.000370608069988809
-0.00124127285558859
0.000494840261165825
0.00042324719971656
-0.000530191968296906
-0.00358627057326144
0.000494840261165825
-0.00294408335350488
0.00275516429492811
8.7552605216075e-05
-0.00193247838544819
0.000728474780841472
-0.00100389022119789
0
0.000103647735886264
0.000325520727894585
0.000263795790458395
-0.000160290849025474
0.000173220200009316
0.00304020739530897
-0.000931758392768959
0.00387507282482944
-0.00110328719430415
0.00191357984470807
0.000192623406913818
-0.000160749699501079
0.00145880615009387
-0.00264174722026582
0.000485630478610505
-8.36026852336234e-06
0.00132645369455557
-8.12399006142452e-05
-0.0002854477919155
-0.00384051810333699
0
0.000908199727370891
-0.00106816969241853
3.08967154166361e-05
-0.00233019239047455
-0.00127461790057597
0.00185644134805192
-0.00288227843740181
