-0.0677946589135077
-0.031504862689705
-0.0143076236920232
-0.0851656025852999
-0.102257292396083
-0.0423208343929635
-0.0228204640981358
-0.00922870100112603
0.00616988166360162
-0.0169560598517205
-0.0461687943447152
-0.0211112099153222
-0.0350433700971204
-0.00228486037502711
-0.0461180098152142
-0.0154542341315805
-0.00130500169949499
-0.0733623549521499
-0.0457275677416348
-0.0401170135619399
-0.0206529836974568
-0.00775017545139373
-0.0111194927217541
-0.0520218137558029
-0.00550945237685731
-0.00753745067136816
-0.0365412930619743
-0.0136880238693778
-0.00872229155925825
-0.00936220819585347
-0.001643399912025
-0.0566633023049486
-0.0330596301299094
-0.0418110435594783
-0.00449913927520619
-0.0235521788453569
-0.0604139305092456
-0.0317652250645041
-0.0310474487609282
-0.0170720882731174
-0.000477385399921983
-0.00717942996797546
-0.0262078709508505
-0.00854230421840762
-0.0426858183739315
0.00275416896657077
-0.0429828114208781
-0.0269647171589262
-0.0199285589598541
-0.0206814469655993
-0.0629536567366875
-0.0259241027400697
-0.0316804551925619
-0.0540542991827294
-0.0131702415085906
-0.0875523429805158
-0.0178630237715704
-0.00236321516667538
-0.0748474453645295
-0.0166050188286827
-0.0588146241980953
-0.0528711669310698
-0.0362529621501589
-0.0254704935473228
-0.0215293401498231
-0.0193849554543934
-0.0747818671235603
-0.0453548865015997
-0.0788865803785817
-0.0943707876091207
-0.0841540215155132
-0.0150398678781889
-0.000655715833592762
-0.00729506404742255
-0.0404088585458925
-0.0352968713089767
-0.0772502905554486
-0.0834277610464944
-0.102548146651391
0.00372811366922597
-0.0818601371849637
-0.0220702675475213
-0.0547971508066043
-0.0710028594583655
-0.0276966812315726
-0.0109917223908314
-0.0132215681949217
-0.0546867690196927
-0.0233867076433981
-0.0460657449906945
-0.0437760570067417
-0.0183162813631829
-0.032945521100591
-0.0364525309820605
-0.066287771895692
-0.00936713203469439
-0.0238936643429706
-0.0381720687437749
-0.0594458763895373
-0.00265237368280341
-0.0709945822615586
-0.0177033732386095
-0.0240548105131373
-0.122715380415468
-0.0197620931770965
-0.00652770798030904
-0.0112700764278721
-0.000850701634377477
-0.059712947838969
-0.0853645136342437
-0.0132276256261939
-0.0607103847016922
-0.0411728506168838
-0.0302188816470811
-0.000819126584789513
-0.0182461518588004
-0.0196138796910792
-0.00230876287826369
-0.0272153866046582
-0.0382209347970677
-0.0736318717972867
-0.0241303622078909
-0.0560871985500254
-0.0906108247657477
-0.0477004374471146
-0.128490713589641
-0.030495207119348
-0.00767078624203771
-0.0881572603168332
0.00121781110825808
-0.0281875612191268
-0.0374766787465187
-0.0693937899712438
-0.049306633177885
-0.0816845114617291
-0.075155870479215
-0.118328619509
-0.0767729171630326
-0.0332734792439642
-0.0188395423400135
-0.0538081118672456
-0.0169422878252953
-0.00547240015256668
-0.059390518648454
-0.0468531039147305
-0.0226401406566619
-0.017189969645975
-0.0280594937578702
0.00294719405493664
-0.0311973189975535
-0.0328957723252876
-0.0922916524329443
-0.0160674118716963
-0.00187044691038769
-0.0050437570947117
-0.0274537064195387
-0.0763687909955686
-0.0684749524888973
-0.0632861747482001
-0.0430679314290724
-0.0506065076945575
-0.00967157781635429
-0.00023419962821079
-0.0465449295893038
-0.0515995219889087
-0.0209084707748801
-0.0486856856642189
-0.0873062219092979
-0.0387620851294412
-0.0139198672955292
0.0053169533091475
-0.0635941780493911
-0.104055136246746
-0.0623897982434055
-0.0781097339128471
-0.0247069010580182
0.00296075849672728
-0.0275930892474397
-0.106237197175541
-0.00960219943853753
-0.0887947562839402
-0.0715914768268077
-0.000113644959898171
-0.00868472912390586
-0.0429546873638086
0.0011776285197693
-0.0493042743870163
-0.0931394210689125
-0.0688408948062765
-0.0015239898063861
-0.0126480893499857
-0.114919150856005
-0.0102062079924753
-0.0393573858717571
-0.0739300815726782
-0.067634260897725
