-0.00165713235852808
-0.0116980504075882
-0.00653374767398167
-0.0114295923270224
-0.00110348864341792
-0.00210760881118753
-0.00357129121024404
0.0024815223714907
-0.00925549471933895
0.000281659606154817
-0.00319715669048011
0.00294058376449111
-0.00609849451812089
-0.052367928635167
-0.00221087306860496
-0.00266884805097847
-0.0126047046911525
-0.0161802858213786
-0.0482357270574316
0.000722694069925559
-0.0129886696517863
-0.0308301776438264
-0.0121923628945512
-0.00264727838199838
0.00126758688458994
-0.0183227548268907
-0.0049603393917061
-0.00471255916447433
0.00256912792706369
0.00527066807478177
0.00231678222172416
0.000282417868200974
-0.0106516347683314
-0.0112010323623163
-0.00165679557410622
-0.00313375121808621
-0.00351661722314076
-0.00911417692698608
-0.00369680269427171
0.00295433100279604
-0.000965171562345424
-0.0209227280305326
-0.00765773477726661
0.0059654846133294
0.00148044382432597
-0.0103736347020399
-0.0104430110827039
