0.0012363841923062
-0.00102121355612102
-0.00423409790371071
-0.000408358599943383
-0.00019222728054863
-0.00596318723796548
-0.00205127858635305
-0.000777171258907126
-0.00152943091702458
0.000926857101064155
-0.000773368338807938
-0.00224993660747625
-0.00175680127246378
0.00143586005745749
-0.00113185071785912
-0.00143540287311254
-0.00573162177032326
0.00321036587992153
0.000838276844260117
0.00104727124053892
0.00125193318083707
-0.00198345837801058
0.000160876232699641
0.00135624469581042
-0.00342325942451984
-0.00834039315486369
0.00151851361622547
-0.00108306826852403
0.00140521623249336
-0.00283841413507824
-0.00136985442677782
0.000140823582909218
0.000268662113692956
-0.00661516099222633
-0.00354539382544107
-0.0042626643621243
-6.58547326383622e-05
0.000124913689881215
0.000289378589708101
-0.00198268604130903
7.72042208387393e-05
-0.000879294789556523
-0.0028879870951424
-0.00153010817960351
0.00246534658448554
-0.00160878417807731
-0.0021164714013707
0.000180060914267058
-0.000130815924225076
-0.0004256013657174
-0.0030671820689014
-0.000832959233111983
0.000848342064985455
0.000506153333201667
-0.000676434521263579
-1.87283595955889e-05
-0.00134471175648083
-0.00125962584405751
0.00011686153739942
0.00129529874998504
-0.0093149897765496
0
0.000520733062095186
0.00268512687174445
-0.000146511235433294
0.00342522103453591
-0.000547469828555964
-4.2467339328274e-05
-0.00120785767393348
0.000121539875391275
0.00367819278647448
-0.0007563154997139
0.000379072824692046
-0.000301266958504721
0.0101625428283086
-0.00127611616513907
-0.00176841943550758
0.000353289362143574
0.000947268484798917
-0.00107029324355136
0.0035509226197567
0.000776401051892408
-0.0033135950720339
-0.000914002060635637
0.00221290127845203
-0.000704704433738858
-0.000623035889348502
-0.000269210862768772
-0.00339936921847511
-0.00116969778214501
-0.000458372730793204
-0.00591800865334456
1.28852298609658e-05
-0.00177222963934479
-0.00460543110220318
-0.00276410308475921
0.00303036778857307
-0.000963004890186126
-0.000134837351730072
0.000587112653799703
0.00488196922483049
-0.0016258214709586
0
0
-0.00103876516980079
0.000344596523030362
0.00048708192868148
-0.000657538418839069
0.00209272266150189
-0.00186066770094208
-0.000530387040969866
-0.00232986060326422
0.000231288032173936
-0.0100376925568683
-0.000705678509344721
0.00871618026824875
0.00385353465351253
0.00152430540351762
-0.000194186010157186
-0.0032768489885628
2.34326112633559e-05
0.000297019563920713
-0.000124199396157994
-0.00158014979866539
-0.00101546888237732
0.00118392118077041
-0.00385025047575698
-0.000740541244638829
0.000328004701609884
0.000997297134249842
-0.00786585920703082
-0.000327214625862949
-0.000144513430319556
0.000642989225136386
-0.000607262483068102
-0.000612016340134439
-0.00170006342859552
0
-0.00036905313234879
0.00217525128949337
-0.00151380014268638
0.00165792285013397
0.00475273715641625
-0.00136151656626734
-0.00387302098226101
-0.00126567257442026
-0.00318493972549245
0.00146222281112518
-0.00387884126196197
-0.00183708639646851
-0.00429556253398946
0.0014567802101135
-0.000724689767709807
0.00442444210391367
-0.00212047728302206
-0.000704073255022374
0.00451326213468857
-8.90074865811133e-06
0.000211198472700896
0.00158282048892703
-0.000465574501914121
-0.00181623815049555
-9.89740869636511e-05
-0.00133467770628253
0.00186431258948211
-0.000474858353068935
0.000379850955581711
0.000182454118705444
0.00208414154282047
0.000603939548402491
-0.000868013049447969
0.00641830285357894
0.000175190130809096
0.000196916309732373
0.0021574240425702
-0.000985401526743673
0
-0.00132702780345509
-2.37224287162852e-05
-0.00213853361553507
-0.00331425585632733
-0.000245064998711524
-0.000303559080548253
-0.000933219314726644
-0.000456801741796711
0.000476878738352629
0.00247397957302553
-0.00201535015450727
0.00164473654637626
0.00137254713174523
0.000329309929253029
-0.000564770070453858
-0.00166690079420235
-0.000470144957386389
0
7.51719834958456e-05
-0.000221619084409583
0.00122984437351814
-0.00171306443495607
-0.000240025377874152
0.00385304308836293
0.000717678215899609
0.00248543969474575
8.56834444845009e-05
-0.00351176251312273
0.00105557148228
0
-0.00150448003337868
-7.86631974350671e-05
-0.000675965670581441
-0.00166566283880177
-0.000620257243755671
0.00487121757161797
-0.00160398893070583
-0.00598197777770817
-0.000200175236418615
0.0035380872263752
-0.00129117693517907
-0.00205423222546241
-0.00223145616105977
0.00478349947986836
-0.000900300292244937
-0.003593927226299
0.00198395162772765
0.00108973934160092
0.00097371569993622
-0.0030905675663333
-0.00757003665725298
-0.000666282383177437
-0.00016963603281727
0.00145986892988903
-0.00705396748235681
0.000789667541647382
0.000946806208907398
-3.19640801631301e-05
9.04032718845183e-05
-0.00134527762699671
0.000358025959225188
0.00347832520184979
-0.00101492526233204
-0.000694743897958128
-0.000422209049138087
-0.00444994963951803
0.000792242084795202
0.000205584354024956
-0.00264856230388876
0.0021759934498358
0.00142395321424038
-7.77718456752208e-05
0.00174679195829815
0
-1.98062353250135e-06
-0.00424789334926657
-0.00127484897988778
-0.00109788896613034
-0.00870892279681892
0.000715077428820539
0.00174910031867665
0.00031415038128394
-0.000808718930847476
-0.000497574813123818
-0.000385581161863066
-0.000104205753754535
-0.00378701795067086
-0.00582533219027195
-0.00031715436575486
-0.00125649076542279
-0.00174604485441613
0.000263737858554699
-0.00188944518497354
-4.58787149391108e-05
-0.0028628368143473
0.00016597355624937
0.0076405501006275
-0.000569468984789392
-0.00295999750132146
-0.0035031733934048
0.000527147845077279
-0.00565370742825908
0.000734935120654166
-0.000461695972842982
0
0.00490876917727885
0.000697146965688312
1.16977108561597e-05
-7.93002912420879e-05
0.000372166555280841
0.000527912446781743
0.00167833369617546
-0.0031021808921958
0.00106067781685847
0
-0.000221650056887391
0.0002131260522624
0
-0.000465871297652086
-0.00345306857163197
-0.00402371336073559
3.0297906531348e-05
-0.00328018480054544
-0.00150055460798507
-0.000257071454980217
-0.00312227747948757
0.00258109468974004
0.000181298267549796
0.000921415404198102
0.003593927226299
-0.000542155484166559
0.000170708072548508
0.000502344534724619
0.00027707372158987
-0.00475562584107201
-0.00166413554486707
-0.00100634010997442
-0.00852486923154462
0.000955914842920074
0
-0.000782422488215583
-0.000453373534634133
-0.00267249339484771
0.000158524554874883
-0.000421603566139254
-0.00119773911718422
0
0.00487121757161797
0.000307817987618101
0.000518609183716691
-0.000662332560335264
0.00116190768900024
-0.00201991562682347
-0.00232986060326422
0.00210550179380552
-0.00184826741309403
-0.000276676584243361
0.000277930693678961
-0.00169315108758001
-0.000927755680040492
0.00110274486387419
-0.00379614153173348
-0.000614977535242786
-8.62587026876687e-05
0.00232029421485107
-0.00166082444888653
0.00177487890689536
-0.00402371336073559
-0.0014185132144164
0
