-0.00113699755765869
-0.00233441465942337
-0.00232977550036469
-0.000934009034266678
-0.000632693110923996
0.00869297363406367
-0.00848643312626861
-0.00147327698822426
-0.00194679162491608
0.00264236450486313
0.00235704507133047
-0.00256339493534593
0.00132298536043785
0.00236828816138052
-0.000541401796877301
-0.0007590535764106
-0.000580651024932687
-0.00092495597596649
-0.000521856452845296
-0.00430266108328824
-0.00182134111349075
0.000215894331508733
-9.25799372849352e-05
0.000257466259254572
-0.00284684945974081
0.000132929321210253
-0.00113567797948735
-0.000644640952039149
-0.00207055894492454
0.00113729764002964
-0.000301897501314298
-0.0021995675102501
0.000778258232070014
-0.000224654380790228
0.000805620975756786
-0.000788524797030466
-0.000984584525537808
-0.000862779353200236
-0.00170299849101286
0.00271430932644627
0.00133307337430119
0.000551175531174257
0.00103558494518931
-0.00172064382313706
-0.00153913511161666
0.00134684150509732
-0.000977294244219644
-0.000771904927985644
0.00134909572242864
0.000299065833587677
-0.000882470986549604
-0.00047143092847768
-3.70098332879764e-05
0.00024254031560889
0.00107837799898317
0.000363978449941015
0.000375660661768946
0.00152859771607785
-0.00241434318748739
0.000350020731512098
-0.000109570119261133
-0.00225908415520959
-0.00203010266004101
-0.00282221202420568
0.0011502658726035
-0.000645671323917205
0.00565532116342619
0.00100685648132606
0.000554031746334909
0.00168516257057486
0.00318138296098789
-0.00125317377083823
0.000159874035809704
-0.00362948254142353
0.000195533282572497
0.00138216328895888
0.000166235539586327
-0.000974353056071682
-0.00373251670702066
-0.0029454013506729
0.00102085947776543
0.00110610253279541
0.00382093554116788
7.72268252164309e-05
0.00362258121969357
0.00145040624568663
-0.00174518265939044
-0.0013571728826246
-0.00197617554108254
-0.00233259424466932
0.000678069177946529
-0.00290280858277524
0.0013853862175737
-0.000467019986452481
-0.00363084005157985
0.00125874445865665
-0.00249533090871152
-0.000424275720206158
0.0037248018946529
0.00547380487991542
0.000473278309626046
0.00125850276423896
-0.000697695345785466
-0.000890615024674704
0.000971335082395742
-0.000900994291718689
0.00265728153805967
-0.000729048011737085
-0.00331306912803472
0.00010074569494783
-0.000442211263137534
0.00173548605146623
0.00545856668617468
0.00151056869076758
-0.00226199958452927
-0.00821303534044356
0.00383059621423691
-0.000238017129156219
-0.00225926248219679
0.0010258958376181
0.00293380578547661
-0.00578025450788632
-0.0002511724899741
-0.00161602374550218
1.74366285787727e-05
-0.000822714476197917
-0.000860025058142621
-0.00361899496078866
-0.00286070710645242
-0.000625435318611464
0
0.000538062823039443
-0.00464274875103758
-0.00185641963144161
-0.00375619617601672
-0.00152502383801151
-0.00149249848203838
-0.00166785830321756
-0.000298019409706628
-0.00140929570461489
-0.0027932617604911
0.000931598446392398
0.000276449021623586
8.31893391742194e-05
0
0.000658631274699005
0.00274198718596802
0.000286358819415099
-0.00137988533366051
-0.000627369502632449
0.000141433773429521
0.00016508411861245
0.00170608818850601
-0.00074971167393942
-0.0005055111417972
-0.00333821315707353
-0.00138634445460582
0.00109329908683228
-0.000324301507281177
0.00200812561920201
-0.00137508372661973
0.000511923874117038
0.000580231044014941
-0.000553099251849291
0.00623780468970352
-0.0117076378013964
0.000876490534897557
0.000986704298247955
0.00283180467355461
-0.00120367324848796
-0.000887364900461281
-0.000903201314835195
-0.00135641751436954
-0.000856399109333029
0.000184117632584751
-0.000562066801619233
0.000920830309327046
-0.00122002496523404
-0.00209770462495487
0.000905677048593918
0.00801857061483863
0.000307170815959611
0.000798999450672957
-0.000979203455619444
-0.00272139167064826
-0.00221055056914666
-0.00264011024853785
0
-0.000907775743451423
0.000674403019225044
0.00391176078394068
0.000831553713055124
-5.32403148631406e-05
0.00313883038638046
0.000825973451359654
0
-0.000120517618018619
0.000470036089557665
0
0.000724666257558791
0.00237423884886186
-0.00309981436054621
1.3884065658361e-05
-4.92800027535112e-05
-0.000801837828966588
0.000725714962125256
0.000727097576799667
-0.00232784333375527
0.0005528367994318
-0.000843802647599348
0.00174168796590423
-0.00114277131346288
-0.00102545668236546
-0.000103524194714622
-0.000999455150843059
-2.126601853997e-05
-0.000524657927802499
-0.00125937623905041
-0.000437186633749401
0.000221204364339276
0.00043437576441072
0.000736807942952048
-0.000750606208068751
-0.000374688969569505
-0.000347694788672057
-0.000888984722532863
0.000679110852860944
-0.00533548806097877
0.00211784272053369
0.00289283974454907
-0.000914699652973542
0.000990805044353117
-0.000259929132292453
-0.000394135336469693
0.000105265269803762
-0.000323003919230949
-3.02136773165867e-05
0.00573924692272664
-0.00536861659948095
-0.00865536492733616
-0.00157401505871597
-0.00338832986211564
8.08854112020353e-05
-0.000755390740449178
-0.00057753795328619
0.00415820585096001
-0.00582516543495669
-0.00148403167939336
-0.000304505948282151
0.000848361106563971
-4.01884727414273e-05
-0.00050543297260426
0.00162326382465196
0.000517683866851195
0.00308516963153461
0.000782666361249431
0.00114391387599087
0.000606268845222609
-0.000229968761634577
-0.000484343620651847
0.000331633277604926
-0.00287881179683145
-0.00485377008609052
0.00075583167101405
0.000290019023560956
0.000220591694428436
0.000990906167003045
-0.000245892003366953
-0.000921390959936907
-1.5361091219285e-05
-0.00663372232830818
-0.000498585573931976
-0.00849081714598998
-0.00196935437872633
-0.000901655245270663
-0.00169416087629784
-0.000655945309038462
-0.00194841360328755
-0.00179145213097373
-0.0019159944095703
0.00227432147129658
0.00256861483737032
-0.00208365160675957
0.000679570810213685
0.000939618111558338
-0.00106605284500504
0.000808095411388197
0.00127441041691207
-0.00241748720468744
-8.59987539933595e-05
-0.00240143471966242
-0.00290979097161957
-0.00223387009896725
0.00132443625869365
-0.0028960347149097
0.000902845026950632
0.00362706447057788
-0.000772213642852942
-4.82838759180361e-06
-0.000736574896133094
0
-0.000569255817114394
0.00143529370041852
0.00078390679725484
1.40956432209783e-05
0.000546505198954784
0.000120600666232774
0.00289023998172971
-0.00134153425449446
-0.000930413160843965
0.000391943259955027
-0.00219266418690896
-0.00114404409089841
-0.000140466429038207
-0.000750316751494962
-0.00147688048714409
0.000344423160256656
0.0036454864720155
0.000315287572763367
0.000897711756099133
-0.00940759345670103
-1.29084678249646e-05
0.00122453803253235
-0.00125188665387655
0.00293058802842231
-0.000275292992949098
-0.00526751543855507
0.000881714727568144
-0.00546280766568814
-0.000309718277010343
0.00339592146965661
0
-0.000615930807623621
0.00113415899595624
0.000623742745630031
-0.0035039653577593
-0.000537102640046505
0.000723042975614418
-0.0028273390552472
-0.000510343407864211
0.00181646856635415
0.000723444893067081
-0.00366977852902967
-0.000361111245425884
-8.6940708185733e-05
0.000517662733752157
0.00171633394709324
-0.00107924198703897
-0.00301438591835382
-0.00121335876595867
0.00225434686371486
0.00947824575060486
-0.0019598678879659
0.000941516582782407
-0.00190455459787257
-0.000707012327313675
-0.000641351554615269
-0.000583232364778847
-0.000675376516759393
0.00025706807068294
-0.00128674612547479
6.96091000319307e-05
-0.000604596457596054
