0.0028383454712997
-0.0012630140016154
0.00284341279825403
0.00012821963952143
-4.84982801325765e-05
0.00376906356632428
-0.00332057414643856
-0.00117094622818781
-0.00102891016575689
-0.00370705010995982
0.00440065239251895
-0.00120025866102458
0.00235431489618013
0.00118158595382705
0.00104374319062674
0.00383439222665271
0.000947435819372937
-0.00178706717311521
0.00130411500887599
-0.00430266108328824
0.00186401468701046
0.000562485051774597
0.000606708870616743
0.00136567373845606
-0.00534307485213969
2.58253317355612e-06
0.000649584484656087
-0.0026468271609044
0.000609626324986976
0.000568698206581087
0.000793142781093177
0.00166211388370118
0.00194541792210853
0.0015606080833532
0.00530403257702092
-0.000424152589040882
-0.00117572701597196
-0.00114139155819161
0.000107679744916861
-0.000812229698849183
0.000415191915141996
-0.00192309095459986
0.0027487280017017
0.000691113265628297
0.000959750135458378
-0.000100463367739092
0.00345842734156029
-0.000977294244219644
-0.00831112286057103
0.00134909572242864
-9.56857534315677e-05
-0.000682353509910215
0.000623609353929795
0.00137556713855079
-2.43915529870449e-06
0.00107837799898317
0.000706391751305836
0.00107494946967062
0.0022884956298295
-0.00756052808460842
-0.000629080723343955
0.00285635815499431
0.00245496061322132
-0.00045865903720589
-0.000857425532337548
-0.00207376246206407
0.00203938737087357
0.0011193237922799
-0.00105385136845664
-0.00103675083986242
-0.00279036596331635
0.00120026802507945
0.0023217405192979
0.00256328018688297
-0.000862045596617017
0.00134657624336318
-0.000933701874169142
0.00101836782424651
-0.00110126913321057
-6.41749494267581e-05
-0.000974353056071682
7.45436254286206e-05
0.00288659871962858
0.00260600446526947
0.00276563249983186
0.00200286146840508
-6.92464184100439e-05
-0.00363492339769147
0.00323566870983007
-0.00136110530523841
0.000930811875432677
0.000557536485202509
-0.00320352443815432
-0.00220223356860438
-0.00720861587640971
0.00268054397662056
0.00173622777515648
-0.00577486524419567
0.00260671807911774
-0.00140029062630405
0.00355106730875223
-0.0018172109471914
0.00829695019092225
0.00133018342326105
0.00304376522838239
0.00108756711835797
-0.0026037580811871
-0.0023674299978396
0.00799825880497908
-0.00248522118093723
-0.00111312536588912
-0.000541221932977206
-0.00084782134383317
0.000111604188624225
0.00206215052967219
0.00172135882598876
0.00151056869076758
0.000152319704673786
-0.000222975795425132
0.0087545062819763
0.00134712785834783
-0.000215655161008312
0.00200727448501847
0.00150830123839305
0.00685240131761324
2.74397150172781e-05
0.00159474326572481
1.74366285787727e-05
-0.000296273627238994
-0.000586772114542001
-0.00203384997328461
-8.41098606418505e-05
0.00583451546836939
0.000913730863479199
-0.00166303513983346
0.00241451653479771
-0.00176244600448667
-0.000193384491608147
-0.00280762913723572
-0.00396120068487923
-0.000107984819822111
-0.00111041943865778
8.16981438369755e-08
-0.00580676492339536
0.00074323339907112
-0.000493906100691162
0.00281016104790863
0.000670606533657329
-0.00617985478577224
0.000813065631605777
0.00243965642593157
-0.00175724850177337
0.0014601697095519
-0.000627369502632449
0.000443764533465977
0.000913533680754065
0.00413377286384652
-0.00200657445810738
0.00169773661981176
-0.000278060281829564
0.000841784945879176
-1.74119557519243e-06
0.000488435377203597
0.00229811284765919
-0.000570030672669429
0.000712041350756427
7.85849868483324e-05
0.000611111008777323
-0.00156640812458678
0.00798800246956114
0.00488932019774211
-0.00150952109415092
0.00298136178987397
0.00048992729050948
0.00104941784172094
-0.000903201314835195
-0.0017030082346354
0.000438758649713837
-8.39783593291287e-05
0.000160966988736095
0.00186939734810805
-0.000961680108188994
-0.00209770462495487
0.0020007173310014
0.00801857061483863
0.00475199821438467
-0.00202414586033387
0.0015545085706656
-0.00810490646349682
0.00214476006514417
-0.00307076941312349
0.00161947543597033
0.000674403019225044
0.00348110161935504
0.00261681617719856
-0.000369012328931603
0.00335884860042574
-0.000948384255996501
0.000825973451359654
0.00125870858534802
-0.000736875806268383
-0.00816932366363645
0.00122047445604606
-0.000506063897689047
-0.00140039826605695
0.00143938861274192
0.000477160846205412
-0.00443059013765911
-0.00136447416949683
0.000388762174878929
-0.00145691314027026
0.000771429450689313
0.000451355111447516
0.00296246074541869
0.00248598099522964
-0.00232061444141233
-0.000322116845972135
0.0048005374166753
-0.00170536745632158
-0.003113635278419
0
-2.30118706358904e-05
-0.000113775596322909
0.0008290354411486
0.000380844804759762
0.00127107118977316
-0.0125532086815931
-0.00139504524145725
-0.000164401559570751
-3.63535676487669e-05
-7.61827348329986e-05
0.000230764108738663
0.00132534713160549
-0.0042404477785713
-0.000762460026017217
0.00289283974454907
0.000426436911486703
0.00134676621149353
0.000990805044353117
-1.49496613848586e-05
-0.000884240041566264
-0.000120267978621914
0.00180884926517835
0.000702776247305506
-0.00349047043864721
-0.00275640984484392
-0.000851152113045861
-0.00193838726670555
0.000381094382705337
0.00309912842661586
-0.00170395777923018
0.00204441993621968
-0.000463373456742919
-0.00582516543495669
0.000301230784750073
0.00334220768638011
-0.000668805365665581
-0.00218750129467024
-0.000237336980690381
0.00358568511204368
0.00870537663389547
-0.000253595448700737
0.00178484648950638
-0.00173638887056004
-0.000230426580139821
0.000786576792420913
-0.000738074186767181
-0.00109387126947863
-0.0044639567843355
-0.00466924800679399
-0.000475038765689654
0.00179109556674523
0.000276307279150595
0.0015595056004516
-9.63348870475893e-05
-0.00175808638529934
-0.00122743368515571
-0.00663372232830818
-0.00297285205970609
-0.00932751257135242
-0.000215734285995031
-0.00185022228405167
0.00277128685775712
-0.000542283674031354
-0.0026254685882295
0.00730893682118042
-0.000330849422066253
0.00320729311273472
0.00285280075832948
-0.00344245025414034
0.00160076324619185
0.00188818515033934
0.000328260869809812
-0.00117799175231686
0.00141370312759468
0.000244222890605958
-0.000804155303761274
-0.00240143471966242
-0.00170287907579353
0.00212144053532358
0.000229395976286173
-0.000464535972021716
0.00180325119897826
-1.68783811464788e-06
-0.000975190326871045
0.00352171063770365
-0.00312677293758744
0.000130032990787285
0.00293637024360279
0.00078390679725484
-0.000264516561770395
0.00270377415515037
-0.00184182062115894
0.00130509499422567
-0.00134153425449446
-0.000930413160843965
0.00165413715179272
-0.00377780917441301
-0.000307348665535978
0.00212173354340778
0.000416842938543555
0.0034470295805953
0.000524273288949715
0.00255044618960802
0.000189555075656379
0.00536315949015409
0.00536413674651713
0.0012822492912219
0.00251969579157921
0.00219701552612291
-0.000567817492233517
0.000537443891535676
0.00253669737573523
-0.000325197168257904
-0.0029290956394031
-0.000568063134055386
0.000515618723105702
0
2.17196648129756e-06
-0.000271135862854746
0.0010010190455177
0.000471377671199088
-0.00298674622201178
0.00543488653002568
-0.0028273390552472
0.00039182437623357
0.00166691145003479
0.00311364293452142
-0.00131591663143768
0.00222920427266785
-8.6940708185733e-05
0.0012056549042827
0.00217479628077767
0.000706020477104462
-0.00358298535180237
0.00139884798867836
-0.00593334590332942
-0.00120626981023635
-0.00244997259306247
0.00159770899579372
0.00139373344614387
-0.00100934308735013
0.00165153399745253
0.00206414129651331
1.67846818255504e-06
0.000888924383714365
-0.00128674612547479
0.00725571914021731
0.00316482778722493
