0.0207695181428981
-0.00261506686913005
0.00722304434112074
0.00721787669040635
0.0114342178084635
0.00685272222791021
0.000887873608551776
0.0134849614673969
0.000807364694757522
0.0180874525159796
0.012522039436177
0.00490507697069091
0.0069470341919069
-0.0012585553287651
0.00169374693387647
0.0105311884332018
-0.0115611258564998
-0.00393832088649219
0.0109114451330568
-0.00445241768330052
8.58077664700034e-05
0.00209546997788101
-0.00599146442153039
-0.000897196736286259
-0.0026165397282663
-0.00820486940537541
0.0162814483762709
0.00327247834323168
0.00294244043195164
0.00993633240954708
0.00666605379828475
0.012165245488303
-0.00361252207149917
0.00119138479618288
-0.00355240301885618
-0.0189055320010616
0.0072014296465482
0.00772412593040897
0.00069071286410295
-0.00308472386836988
0.00842805343859901
0.00733290531736209
0.00422297169363908
-0.00367305270245034
0.00518125127297285
-0.0114707797296288
-0.00474396596952609
0.001802674791842
-1.21274256739088e-05
0
-0.000434608949293033
0.00414861586599925
0.015982815467741
-0.00479978770133026
0.0123141546712644
0.0027040497862366
0.00529730187210487
-0.000591985359885037
0.00526277529354822
0.00447127097097195
0.0115226550847134
0.00408335291517515
0.00317273833022102
0.00714902065676708
0.00771781309568573
0.00714048364281343
0.00678408123660076
0.00627394576281395
0.00724307044123169
0.00340806550511916
0.00466772343925331
0.00599948044499346
-0.00193728026355294
-0.00890083792921359
0.00152843332426387
-0.00110398336476641
0.006073324619353
0.000469295764259286
0.00710870247654144
0.00575006622400587
-0.00333881304886708
0.006073324619353
-0.00485724471489637
0.00487237371285526
-0.00570578975703775
-0.00425690917558608
0.0116059037663516
-0.00631840294129451
0.00789227608221463
0.00485899760691499
0.00790825373667419
0.00672799680097058
-0.0031028413021962
0.00038656219701069
0.013702877674512
-0.0182479339378505
-0.0122536848998878
0.00183039995241397
-0.00237063816461459
0.00180859866406975
0.0040116347368249
0.000864722948950415
0.00101707804924245
-0.0083686827736174
0.00768697671678863
0.0159658717512974
0.0104283911886456
0.0106013026267204
-0.00380366437533299
0.00166546190940456
0.00724232135647398
0.000735211966050256
0.000167334330562005
0.0016901564894762
0.00579599719178645
0.00245183512894112
0.010170122294894
-0.000866322953263729
0
0.0101525119877869
0.00468830369574672
0.000412029714380682
0.00562040475584764
-0.000829714054518903
0.00834229653589621
0.00242562056505804
0.0115886228983827
0.00808413644593515
0.00956430279992212
0.00701608166394425
0.019383429411228
-0.0065075693578426
0.00277923552027679
0.0081628460237581
0.00599218454972485
-0.00246320436213233
0.00248266226956169
0.0070263614001807
-0.000292119349880006
0.0232269723809943
0.00902222427182411
0.00404017632582508
-0.00487908253483352
0.00306529123379998
-0.0131039563719914
0.0104045651344391
0.00601015701806909
-0.011479946613554
0.00204301252023216
-0.00551419633782906
0.00576088765415412
0.0109239788060598
0.0216266746249985
0.0150711813115882
0.00714419160481863
0.0242158997772664
0.0140051677805287
-0.00631840294129451
-0.00304425597968687
0.00285899861087649
-0.0156261945218866
-0.00186026963232574
-0.00561533345737531
-0.00132088936687026
-0.0116732102451958
0.00179228247672647
-0.0110895758149268
0.0095979397370066
0.00286838143727772
0.00125096879555104
0.00393474963466225
-0.00412802280670496
0.00535724271672251
-0.00563798374600249
0.00156131745530574
-0.00601148125384636
0.00261351911629022
-0.00304172632194072
-0.00105517132185505
0.00616422011636592
0.001406210025152
-0.000254822659304404
1.4141815404763e-06
0.00119220937886696
0.000979475563047038
-0.00473072912372214
0.001031861765813
0.0024850414275574
0.00339628128710945
0.0111844022604459
0.000667974340379173
0.00720022165363994
0.00566349221568693
0.0123747123361061
0.00875463533075389
0.00833110695282102
-0.006162629389872
0.00323450921209422
-0.00126658617575569
0.00125864904443268
0.00860427265459509
0.0124471160986587
-0.000178182754743117
0.00293989484871939
0.00521244542556057
0.00946358390572616
0.0139257806164008
0.0157397584759202
-0.00444794817562033
0.00211074530972555
0.000848628365879833
0.00939288699643562
-0.0136437044278231
0.00884650143963808
0.00765071587765665
0.00125072792311963
0.00778863140250903
0
-0.00286777064137016
0.00779864449603632
0.0120495056231113
0.0136786585533401
-0.000408237254911503
0.0104536054984945
0.00264601345375346
0.00281132672346206
-0.00188309226225327
-0.000626897277371857
0.00139110895433378
0.00974669934560403
0.00466772343925331
0.0150913899756286
0.0149138970801148
0.010596093857999
0.00914354747240829
0.00961931740119028
0.00975232875804861
-0.012218227221735
-0.00150267131425991
-0.00193617995679467
0.00188026018005147
0.0042873629621292
-0.002026706224908
-0.000842347042821508
0.0142014881003239
-0.00540785520516051
-0.00258220706403963
-0.00165599495865301
-0.00273044317570037
-0.00308496916206281
-0.00185516359174938
-0.00402455178587985
-0.0015532056842057
0.0171467972506321
-0.0039208579842144
0.00164226041091816
-0.00215276150353686
-0.00509458618852798
0.0167224492582337
0.00412701049375496
0.0139904190620438
-0.00695209424801023
0.0113703901449359
0.0124208365666779
0.00654168570782334
-0.00366963095348825
-0.00137647943849224
0.00662008868648515
0.0034459245006614
0.00503130755602231
0.0140656770636342
0.00486353561983876
0.00434732494928348
0.0109584192725398
-0.0018166255062177
0.0017997473403438
-0.00617039475351322
0.00271025111601056
0.00132935864982691
-0.00730319226735229
0.011592566871163
0.0112441545287888
0.0169889506805501
-4.16458470820204e-05
-0.00268542740559828
0.00926958628425074
0.00418781117162354
0.00800618631022194
0.00839033099081806
0.000843693267788827
0.000483646911359624
0.00737760690223546
0.0112055083662485
0.00869678197434023
-0.00271208958629877
0.00327027861126233
0.0254944834724257
0.00885380843756197
0.00511820081113941
0.00985889291432284
0.00344080796743089
0.0138447838496462
0.0033606310746819
0.00669807258832637
0.00277227392420632
0.0181899367146646
0.0110478544925737
0.0141436918129746
0.00826032962722913
