-0.000770085178285094
-0.000522499924692534
-0.000474643483346837
7.27904928098999e-05
0.000302194500534641
0.000782775828610789
0.000149650893422566
-0.0018435237164299
-0.00861479637277589
0.00298199859177235
0.000680905160056294
-0.00187853440773817
0.000180086992010004
-0.000238693864405102
0.000735533155291641
-0.000706265277038394
0.000142965985482754
0.000735581890406289
0.000912504056322838
-0.0018540988595448
-0.0011141213738239
-7.24394505547647e-05
6.42301655915777e-05
-8.20053215054822e-06
-0.00601386580829721
-0.001892265563119
-0.00297273351648857
-1.0756229369751e-05
-0.00149461046094875
-0.00147606555412849
0.00186374184415424
-0.00155957881763098
-0.00123613076095547
-0.00179037188925066
-0.00195990211456372
-3.83773315641967e-05
-0.00121221756857538
-0.00224006126189133
-0.000953552211620292
0.00778106005877875
-0.000747714329573177
-0.000882962751947501
-0.000408259777184215
-0.000949896323715333
-0.00200485747476747
-0.00109869799337792
-0.000607260803283401
-0.000619226084090354
-0.00190224995254787
-0.00465328393872456
-0.00155413134746879
-4.06894105365702e-05
0.00129302817678043
-0.00362807331945729
-0.0022508040093525
0.00458661764466955
-0.00480811333739805
0.00157265909106675
-0.000693019334157786
-0.00369373051030689
-0.00268330402674863
-0.00112752693671756
0.000924083168782955
0.00328240545464316
-0.00213180278643966
0.000101921625904857
0.00425444645952612
0.00101858689930799
-0.00170151257775641
-0.000263787209834064
-5.52253651869232e-05
-0.000117238944348141
-0.00494577634497564
-0.000372928730679877
-0.00147714014614971
-0.000299363032884974
-0.00072472544713103
-0.00852138151828568
0.000470192249993648
-0.00289388881171339
-0.00324786740732755
-0.00154328633302618
-0.00176764788880858
0.00074885585567561
-0.000508196502501351
-0.000591259968536512
-0.000950540403607213
-0.00182675318565323
-0.000481514739791862
-0.0031497866145803
-0.00483985269160064
-0.00237292760534987
-0.00110436681860035
-0.000317416945962486
-0.00144011366076291
-0.000155287851447915
-0.00072976318911947
-0.00141315992629176
0.000541573248926585
0.000406173660470329
0.000352741168599296
-0.00104026402219101
-0.00396866566845796
-0.00167806148976774
-0.00193417364413153
-0.000706298366919175
-0.000776817188381751
-0.00112705813393791
-0.000595634715499417
0.00141726906410775
-0.00193584363668367
-0.00185518822761896
-0.00629592896074766
-0.00279968506353316
-0.00112720050735284
8.34748388541239e-05
-1.55952660430365e-05
-3.20665671048808e-05
0.00369193088119591
0.00117129366408058
-0.00210606372731324
0.000816924926096814
-0.00157424768116502
0.00105995610915588
0.00240565770966741
0.00105690985515376
-0.00305297247598869
-0.000335557042438313
-0.0039588079829534
-0.00235306620424285
-0.00114045462983349
0.000775685243934977
-0.00141708774694327
-0.000223013624611633
-0.00310170299956981
-0.00116821497139406
-0.000845418190728419
-0.00107428055344715
-0.00134763771991101
-0.00196873423903721
-0.000652004950771015
0.000363133236400611
-0.00314686261304742
-0.000494277467721457
0.000425861962449101
-0.000634213570397567
0.00584163530394713
-0.000671145777256887
0
-0.00247156889279527
-0.0018518272341853
-0.000970554392939275
-0.00050165831508291
-0.00185343164421036
-0.00186438825292949
-0.000972440730538021
-0.00214352058171948
0.0021949621739891
-0.00159607395794465
-0.00409282299712587
-0.000798768023120981
-0.00191064461034043
-0.00191169912820487
-0.00249271994977411
-0.00274279300486647
-0.00211593483109754
-0.0074297603756822
0.00231094101187782
-0.000533307129042849
-0.00127380672054488
-9.7028693633597e-05
-0.00134902575592994
0.000349474391409534
-0.000661286387359527
-0.000871032779390097
-0.00345385016922195
-0.00136228943051452
-0.00217507499672307
-0.000986445806055946
-0.00252314260387901
0.000778002451111272
-0.000291356816855197
-0.00264850165107777
-0.00587704080705678
-0.000498715322391799
0.000574287395959887
0.000269977620967078
-0.00188149666315122
-0.00234410610225175
0.000447875309286903
-0.00076931125136525
0.000486846402151303
-0.000953456546951409
-0.000230182276386533
0.000593395205860984
-0.00138188577068599
-0.00095364365066208
-0.00278127129570279
0.000351506402672861
0.000401172013665937
-0.000608011570856802
0.000822822330213534
-0.000261080845486815
-0.000596946315307131
-0.000303959634023795
-0.00220740175808064
-0.000780123938386296
-0.000362044573578393
-0.00195743501342774
0.000157403514645333
-0.000346404845920234
-0.00254317588722517
0.000245874032339324
-0.000480868707884606
-0.00194699754583635
-0.00152909226593377
-0.00507194748187468
0.000263587192043569
0.00117670621852258
-0.000978917644561224
-0.00104116052108065
-0.0018666382481271
-0.0025485213048854
0.000434475529871125
-0.00378913699310977
-9.94752120138915e-05
-0.000935460439960091
0.00090567361415086
-0.00157928839134353
-0.00137918962955319
-0.0045244950800412
-0.00747049299331979
-0.00332074660523511
-0.00468971071162692
0.000451978668713185
0.00167864703698011
-0.00244093199525369
-0.00139865662512516
-0.00113019097491594
-0.00105456141710114
-0.00827106443674972
-0.000358622793994549
-0.00195168808991971
-0.0001677589359196
-0.00214466816783033
-0.000769843284504628
-0.00174771728720795
-0.00115017862697766
-0.00136537041992599
-0.00185643350844523
0.00107279165221624
7.00300300105502e-05
0.00143351742720456
-0.00137394157497137
0.0010179601536713
-0.00255773442229947
0.000226412401004612
-0.000564228531951461
-0.00347863126182276
-0.00349639969432952
-0.00158006852838202
0.000845824176272868
-0.00163491780500913
0.00115433488763735
-0.00351036380459184
-0.000976347645442486
-0.00246913428175927
0.00171138440552966
-0.00166255615668044
-0.00148469214834598
-0.00173704803807995
-2.03128432659096e-05
3.96236095328094e-05
-0.000878651740933518
-0.000927320298138848
-0.00106485592490582
-0.00116619097052424
-0.00317588834780294
-0.00269300133759308
-0.00264479998158932
0.000269616525352187
-0.000308534460037573
-0.0019198572817508
7.50326767322911e-05
-0.00180683942228648
0.00145672251453594
-0.000327349018872016
-0.00528745445141601
-0.000834293962021213
-0.00102378444994338
-0.000330794865900306
-0.000396143026596989
-0.000434184898129224
6.42764614953118e-05
0.00303157775668163
-0.000226680821796716
-0.00154320447270831
-0.00203374750449021
0.000635458083059678
-0.00219157502163379
-0.00197961011185871
-0.0022352833899102
-0.00124080409005258
-0.00098728420300235
-0.0013214782373492
-0.000788420156699611
-0.000711388339936173
-0.00012410091034034
0.00150280108240474
0.000448782070756536
-0.00150963035748776
0.000658207827634806
-0.000727985810051907
-0.00247613004839456
-0.000107962341283603
0.00178967033942169
-0.00292297793741524
-0.00166815581126451
-0.00311254512132073
-0.00131053784493632
-0.00484020801023182
-0.00101451387342691
-0.00118096348557165
-0.000435276416133386
0.000378683005021778
-0.00069122615843785
-0.00133713241773037
-0.00112702362853901
-0.00169724552414759
0.000691062492806977
0.00155515262220083
0
-0.00217593035733421
-1.1806919102952e-05
-0.00568070220724464
-0.00150717625263286
-0.00198459073524021
-0.000867537760168193
-0.00149652795731564
-0.00247649907046507
-0.00219781083871293
0.00179230569624153
-0.00567968059157105
0.000423608123936478
-0.000168816532104527
-0.00164749766322019
-0.000931636243952231
-0.00238523065238748
0.00385593414826511
-6.74514130165399e-05
-0.000759419698684102
0.00124810056734364
0.00447101770971771
0
0.000225380419163903
0.0008296424294018
-0.0010951156363123
0
-0.00149950398730847
0.00104784362341144
0
-0.0015323736201663
-0.00197075919861409
-0.00292683580055804
-0.00217858539311144
0.0010873827899148
0.000750624976023933
