0.00529279504955923
-0.000535653481211696
-0.000891213039222939
0.00624029464884274
0.00149194102716786
0.0061729907642271
0.000500356163051012
0.000340114770332603
-0.0011540650350521
0.00019483736455857
0.00154158298270108
0.00166630398388703
-0.00109318443210895
0.00154004458172149
0.00603028600148828
-0.0017293704914308
-0.000434024300358859
0.00153393513323255
-0.000582855551769375
-0.00435987819360438
-0.000367671962465993
0.00719223604087672
-0.000917911571925437
-0.00131363956687647
0.00451726745373245
-0.000867654576879461
-0.000828717163827154
-0.00698024259538103
0.000364267646452203
-0.00411058950055836
-0.00126658189545819
-0.000814032267612988
0.000615462991025978
0.0070461821440775
-0.00167181332893964
0.000111134756967802
0.00242021643550331
-0.00270397752119944
-0.00338509394152749
-0.00290510186532897
-0.00159323806330483
-6.32515115039239e-05
-0.0014831290890978
-0.0020174829060423
0.00352407872969543
-0.00397152123365093
-0.00063063677271731
-0.00110840965031296
0.000629886584446738
-0.00174592727484682
-0.00491501457649203
0.00974631398109655
-0.000860838807300234
-0.000503205078531612
-0.00272745337788065
0.00399990608492136
-0.0010114399673032
0.000745098484033098
-0.000278679606477
-0.00767749578185878
-0.00109935227198776
-0.0067425760724172
-0.00577675129443113
-0.00170234745200146
-0.000963697301270521
-0.000469311832160612
-0.00181044141118057
0.0024713155401295
0.00287367169048771
-0.00181499228159767
0.000359349723533197
0.0044435806653392
-0.00373099589257707
-0.000968510999988661
-0.00164126147027433
-0.000690877214331822
-0.00143277052236758
0.00284536579025462
-0.00411927694634948
0.0111891133921464
-0.0024680817992085
-0.000177152927223268
0.00199370147392061
-0.000299144502903259
-0.00141851522231712
0.00109877852698174
0.0117768019995652
-0.00300487445035262
-0.00139201495741305
-0.0015169138986238
0.00200134932338914
-0.00138025022182121
0.000944512318534946
-0.00167757663479973
-0.00218318321827829
-0.00246724552496721
-0.00441493657543617
-0.00140867032193123
-0.000306890903295397
-0.00153497635941679
-0.00819728356873626
-0.000603567891725233
-0.000890486326530804
0.00480379667983032
-0.00279957164536786
-0.0042550235333806
0.00172450086550801
-0.0093465789673838
-0.00147100365143148
0.000649067087731157
-0.000865461631944505
-0.00184391223505975
-0.00354747169643322
-0.00517671013243865
-0.00205117899772078
6.23203789574643e-05
-0.00242843633234234
-0.00202571022802437
-0.00147066606255752
-0.000417948479205355
-0.000735332533645102
0.00625571079628484
-0.00205770262811066
-0.000777369205114871
0.000269145943649933
-0.00936062422036838
-0.0023067228395152
-0.00276138630586668
-0.00546944670329769
-0.00259525221723377
-0.000517134198862729
-0.000435598977935422
-0.00307761035254784
0.000304028827228928
-9.89794985705944e-05
0.00292378610543805
7.91681659388768e-05
0
-0.00612351061348402
-0.00180483422220811
-0.00160067090941349
-0.00312975579744535
-0.00157137084318121
-0.00115881493690345
0.000873044395147352
-0.00549217837557398
-0.000306192058392485
-0.00289416392603899
-0.00812390593414598
-0.00121503988121568
-0.00295134827561805
-0.00124516728623253
-0.00405421762844746
-0.00386272918102304
0.00774938062053489
0.00032127190601191
0.00117731265355729
-0.000666986856454914
-0.00717260996121449
-0.00100907332553586
-0.000112021040667489
-0.00267371448996122
-0.00100361659955632
0.00160950214211079
-0.000343311906972509
0.000184762518524049
-0.000842165754620402
0.00105013541704374
-0.00322314000070372
-0.00148960304334994
-0.00922050435838128
-0.00125782605507277
0.00587063411613754
0.00191732333624828
-0.00199867774106088
-0.000282718227625066
-0.00455222314979094
-0.000369311987360838
-0.000742495139407581
-0.000192684505172539
-3.74334505537683e-05
0
9.15507233843859e-05
-0.00342416155850853
-0.000885348113422637
-0.00265380953327403
-0.00140628982565154
0.000372497233222551
0.00120245882174031
0.00205728287012439
-0.00196004060531011
0.00841726504648219
-0.0004378853408362
-0.00303065183968526
-0.00255057197993891
0.00062518148585453
3.91809026984558e-05
-0.000662067800281011
-0.00142353732613051
-0.00149310113667255
-0.000585894289479427
0.00182968382570524
0.00121099728296364
-0.00397386598482958
-0.000246976271175858
-0.00222950921283533
0.000401644475333758
-0.00211408420831631
-0.00175102858400031
-0.000188562012496727
-0.00181851280030652
0.00134662030743895
-0.00031555756763664
6.02406382513858e-05
-0.00587495459834166
-0.00144854473209202
-0.000107864247062109
0.0011077044022293
0.00428415901145347
-0.00236508631146287
-0.00126009296399242
-0.00171351891272724
-0.00053983571657321
-0.00516640170426362
0.0062124185565195
0
0.00129380640371092
-0.00101549977096827
-0.00243612941309833
-0.0042640742093565
0.00185818266676974
0.00347057819228713
0.000202558302735135
-8.61608310732942e-05
-0.000446219575524207
0.00302599405185523
-0.00112335495718472
1.68190035387234e-06
0
0.00125545115786615
-0.00316997076925473
-0.000853613547024817
0.00624581073300213
0.000810588463852544
0.000371534080002984
0.00217072044103221
-0.00143436326214002
0.00508506735913168
-2.26569373571798e-05
0.000190014314571302
0.00415947897479368
-2.73128201768317e-05
-0.00102670054462249
-0.000715605437152612
-0.00456139952269646
-0.00646630328549447
-0.000521023080505635
-0.00137802414867495
-0.00283825747288609
-0.00106406340528201
0.00268743252512172
-0.00206038958481763
-0.00143800871384312
-0.000164620702352196
0
-0.00144140990655099
-0.00665295593688665
-0.0025228651090429
-0.00185130017206343
-0.0046016346144162
-0.00323558200884779
-0.00258539472335431
-0.00203309251384415
-0.00163010591229137
0.000878928990382867
0.00202557926558431
0.00169932052121862
0
-0.00564070414208493
-0.000480536356724356
-0.00024437408200449
0.0010131209831959
0.00321154611439594
-0.00127750075720932
-0.00838415634262587
-0.00619635086868918
-0.00162387545906685
-0.00121541449495332
0.000125941332161386
-0.00107109035710976
-0.00033362600816266
-0.00311035643842294
-0.000684727621914368
0
0.00202364511670028
-0.000375624201088584
-0.000163305130665022
0.000218471378830855
7.49157043906417e-05
-0.00176066798009277
-0.00783202515015578
-0.000408601803719605
-0.000932937218250315
-0.000237201164662665
-0.00486814462113071
0.00187424623947879
-0.00169534825676092
0.00293797725085317
-0.00239913209156552
0.000313399125268452
-0.00238593882432872
-0.00588893182294209
-0.000597252217732285
0.000129499506283181
-0.00169039389359634
-0.00016283793123402
-0.0012743495019547
0.000125795162834623
-0.00182814261483608
-0.00139025660981774
0.000711376582522056
-0.00111560217574678
-0.00192164910589031
-0.00261874220521837
0
-0.00293420089884492
-0.00130405188920054
-0.00108896359531871
-0.00277343780911121
-0.00016987142759231
-0.0035489814065438
-0.00321666001860635
-0.00111931875876389
-0.00234441456815656
-0.00213362994576521
0.000277524914345489
-0.00213718703579301
-0.00220059283182217
-0.000680841206371665
0.00110777060262491
0.00561159190621549
0.00195919943079196
-0.00256777000544838
-0.00240830530940297
-0.00352780959790063
-0.00130288400917697
0.00064718921081236
-0.00189231234526787
0.000310212408173487
