-0.0279625984096355
-0.0445867760304365
-0.0302935058755126
-0.0378175742012114
-0.0290097365071588
-0.0460746371650592
-0.0322263382714527
-0.0780689448293189
-0.0622634553411746
-0.00165713235852808
-0.0199227122882092
-0.0116980504075882
-0.0281517423332271
-0.00653374767398167
-0.0349066158815132
-0.0167972176816184
-0.0142391537793881
-0.0675183734539784
-0.00667637330317018
-0.0114295923270224
-0.012745912587506
-0.00110348864341792
-0.00210760881118753
-0.0833349584846305
-0.0380988005446657
-0.00357129121024404
0.0024815223714907
-0.0570713241020112
-0.00925549471933895
-0.0546656615586853
-0.0452392666531881
-0.0579126718602499
0.000281659606154817
-0.0242063434176383
-0.136828261986141
-0.00319715669048011
-0.0156733399278011
0.00294058376449111
-0.025106070437172
-0.0338609186525833
-0.0375145270199225
-0.074210085130801
-0.0558858426377151
-0.00609849451812089
-0.0491897720278501
-0.0604057572542073
-0.052367928635167
-0.00654033045205495
-0.0171001600464961
-0.00792161120850185
-0.00932105458668658
-0.0385045794931824
-0.0869325232764114
-0.0726030281960483
-0.0544461614435518
-0.0338387880299308
-0.0484939255171291
-0.0620967181956357
-0.00221087306860496
-0.0648788474045511
-0.0788985912609609
-0.0569051819098536
-0.00506843416116505
-0.0679266370957963
-0.00266884805097847
-0.0703063969103788
-0.0843193740070867
-0.0398471696003811
-0.0527295152225295
-0.0517259689860785
-0.0604856473755534
-0.0537988466194888
-0.10147689793782
-0.0461654099993858
-0.0126047046911525
-0.0485466440220656
-0.118406502164905
-0.0480555312452411
-0.118396914206512
-0.0784301558323875
-0.0798337465416414
-0.0248560251447083
-0.0419707126917129
-0.0161802858213786
-0.0470284143642432
-0.0482357270574316
-0.0490821093114038
-0.0556670435075441
-0.0525278824910713
-0.0390077670658917
0.000722694069925559
-0.0443868406851923
-0.0301853899651437
-0.0129886696517863
-0.0262985489387932
-0.0308301776438264
-0.114419954150869
-0.0995188833808538
-0.0504961362511781
-0.0384401387611761
-0.0537159115189718
-0.036603643574492
-0.0878003555995812
-0.0344622715887046
-0.0860325077821989
-0.0586894176064395
-0.0354050240304003
-0.0784689687123751
-0.0613431784069953
-0.0121923628945512
-0.0298577380552829
-0.00463145123353645
-0.00264727838199838
-0.0364320394074503
-0.0724663714251539
-0.0709999735849868
-0.0394203146025644
-0.0486266180589557
-0.089965649657894
-0.0575344489857879
-0.0609752082327404
0.00126758688458994
-0.104361924311632
-0.0930367775742736
-0.0183227548268907
-0.0824666219153589
-0.102789845642642
-0.0434438001321156
-0.0987679827458711
-0.0276209899318956
-0.0809562832398665
-0.0226109248365219
-0.0773515456597073
-0.0271704192211007
-0.0571994548834596
-0.0049603393917061
-0.0229712048088521
-0.041250374382211
-0.0178964951790882
-0.0635731111465119
-0.123606314884797
-0.0353012527693626
-0.00471255916447433
-0.0831101069778014
-0.0767537835863149
-0.0200691349548005
-0.0447360619026203
0.00256912792706369
-0.0244231802666186
-0.100571681484564
-0.0515049511812153
-0.0322285899727714
0.00527066807478177
-0.0878585476168441
-0.0771983289920431
0.00231678222172416
-0.0558695246350028
0.000282417868200974
-0.0952485446738587
-0.0903820113235884
-0.0242242690105253
-0.0499655036946767
-0.118391949307653
-0.0934342902207801
-0.0827639101288488
-0.0795939988896882
-0.0444118950799779
-0.0320235428949029
-0.0186548328362213
-0.0963846829044738
-0.0802569657629647
-0.0606360656498547
-0.0558989702609683
-0.0452061781457631
-0.055596520788976
-0.112025424384869
-0.0106516347683314
-0.0254896998785298
-0.0566544113152506
-0.0341980348817202
-0.0574465107240637
-0.0910792958951845
-0.0451745823191045
-0.022693807978939
-0.0520272463212257
-0.0112010323623163
-0.00165679557410622
-0.0117942198247775
-0.0512471646244974
-0.0500951533457765
-0.0435197471865022
-0.0815953655224032
-0.00313375121808621
-0.0642399260359263
-0.0929922865225882
-0.0876849714469727
-0.0410096419846258
-0.0470629443555695
-0.00351661722314076
-0.114809511309998
-0.0382960771916329
-0.00911417692698608
-0.00631837968964269
-0.0953932327481957
-0.0663100812536627
-0.0865766226387003
-0.0439169008693355
-0.00369680269427171
-0.0792274454887438
-0.0261893329173626
-0.0737905003680437
-0.0704491079206827
-0.0236500442981585
-0.0546698225961388
0.00295433100279604
-0.000965171562345424
-0.0209227280305326
-0.0756204752856836
-0.00765773477726661
-0.0569867888851502
-0.03538846745564
-0.00937670404965006
0.0059654846133294
0.00148044382432597
-0.089132207636116
-0.0147990293755372
-0.107721413517607
-0.0377800105909859
-0.0625244700720139
-0.0272921119406478
-0.0676217689187577
-0.0103736347020399
-0.03950227882518
-0.10352640648341
-0.0299104712050434
-0.0218815693062784
-0.0104430110827039
-0.0372265921075614
-0.00338847364448906
