-0.00165713235852808
-0.0116980504075882
-0.00653374767398167
-0.0142391537793881
-0.00667637330317018
-0.0114295923270224
-0.00110348864341792
-0.00210760881118753
-0.00357129121024404
0.0024815223714907
-0.00925549471933895
0.000281659606154817
-0.136828261986141
-0.00319715669048011
-0.0156733399278011
0.00294058376449111
-0.00609849451812089
-0.052367928635167
-0.00654033045205495
-0.0338387880299308
-0.00221087306860496
-0.0569051819098536
-0.00266884805097847
-0.0461654099993858
-0.0126047046911525
-0.0248560251447083
-0.0161802858213786
-0.0470284143642432
-0.0482357270574316
-0.0525278824910713
0.000722694069925559
-0.0129886696517863
-0.0262985489387932
-0.0308301776438264
-0.114419954150869
-0.0384401387611761
-0.0344622715887046
-0.0354050240304003
-0.0784689687123751
-0.0121923628945512
-0.00264727838199838
-0.0364320394074503
-0.0609752082327404
0.00126758688458994
-0.104361924311632
-0.0930367775742736
-0.0183227548268907
-0.0276209899318956
-0.0226109248365219
-0.0271704192211007
-0.0571994548834596
-0.0049603393917061
-0.00471255916447433
0.00256912792706369
-0.0244231802666186
-0.0515049511812153
0.00527066807478177
0.00231678222172416
0.000282417868200974
-0.0242242690105253
-0.0827639101288488
-0.0186548328362213
-0.0606360656498547
-0.055596520788976
-0.0106516347683314
-0.0451745823191045
-0.0112010323623163
-0.00165679557410622
-0.0500951533457765
-0.0435197471865022
-0.00313375121808621
-0.0876849714469727
-0.00351661722314076
-0.00911417692698608
-0.00631837968964269
-0.00369680269427171
0.00295433100279604
-0.000965171562345424
-0.0209227280305326
-0.00765773477726661
0.0059654846133294
0.00148044382432597
-0.0103736347020399
-0.0104430110827039
