-0.0111566255627392
0.0157160019793143
-0.00308852227294665
-0.00204675138035683
-0.00181865549075884
0.0207038750890559
0.00117051576764409
-0.0220590389178049
0.00161465735279819
0.0135606244897883
-0.00127876225590764
-0.000369396715154902
0.004640466943825
0.00462401774635586
0.00372335977508934
-0.00570163602622645
0
0.00535930073669557
-0.00304043970690285
0.000557868233175721
0.0156380099466716
-0.00216964492085941
0.00341943068402432
-0.0483284579853138
0.000649018632264977
0.00286368651781854
-0.000717441148553796
-0.00256827238534337
0.0013749411580277
0.0129969262931896
-0.00987658648930243
-0.00961621838126593
0.0652207855625835
0.00165538255635446
0.00200138227699597
0.00194722057887361
-0.00315903876339837
-0.0136222025192465
-0.00693931929635576
-0.00560642896878893
-0.0127259552967629
-0.0107716422919012
-0.00329780617336768
-0.00079806420308894
-0.00185208760149558
-0.00308392931656868
0.00935813564092505
-0.00669580917864741
-0.000756648685951721
0.00261375267415909
0.000609208606562277
0.00670365093558712
0.000259280002450144
0.00600841797103731
-0.0137861954481503
-0.00921419441058445
0.000608930996105763
-0.00191702853873486
0.00546675324527288
-0.00272478393305186
0.00277519950086442
-0.0063631105608987
-0.00744832412659062
-0.00674291938736392
-0.00917687728140972
0.00981408255592026
-0.00996504248428043
0.0180274376783661
-0.00801023300405292
2.76168812414446e-05
0.0142029408623028
-0.00294195586436565
-0.00344219788351612
-0.00772670995959553
-0.0157995834085421
0.00815328203030307
0.0186586560414194
0.000574117841295467
0.0151699372538656
-0.00135386587124995
0.000223026719416689
0.00367057877636603
0.00124730041093522
-0.0103031444670682
-0.00964935337633727
-0.0164197925588139
0.00380764700565051
0.00155430710548053
-0.00195046870071299
0.00401758912712055
0.00140461722831518
-0.0035975173010825
-0.0116133268649291
-0.0813837938671523
-0.0058696887321111
-0.00852006618491766
-5.83616165478366e-05
-0.00109144448952154
-0.00571011634197733
0.0047189113651885
-0.0482818904996105
0.00493529212417499
-0.0158348772645107
5.64039467841977e-05
-0.00517732327888543
0.0067338792263514
-0.00350496704164342
-0.0228236810542257
-0.000675254104737805
0.00723687228106743
-0.00531038277973007
-0.0032427225632424
-0.00339654674308901
0.0183358404933575
0.00451572055848154
0.00861493699926243
-1.78862163108799e-05
-0.0205653986363913
0.0033094898454931
0.00252810571451109
-0.0136303746850135
-0.000125861468938066
-0.0281604390108934
-0.00414800315411135
-0.00421612061751496
-0.00507371017734429
-0.176446698662013
0.00340196720141342
-0.00794518293570204
0.0039607288568616
-0.0109070079502119
0.00105980765370369
-0.0592600113299579
-0.00145151443677324
0.000802942926272597
0.00193114063102139
0.0227421847782418
-0.0104151600814068
0.00378568503438197
-0.00148974628648646
-0.0105023126151879
-0.00988387249463747
-0.00563100793312929
-0.00811593076712353
0.0116594950021599
0.0268048310624433
-0.00990724444152252
-0.000235151571208608
0.00168300934350795
0.00459286517620987
-0.00358555347891164
-0.00552111480242133
0.00788255655213319
0.0113691606499483
-0.0113860929033749
-0.0525313370595872
-0.0108829442011651
0.00386325024030444
-0.00420216784929184
-0.0104844481816142
0.0020348807280997
-0.00300209444055049
-0.00204998545889538
-0.00165917069986277
-0.00803056496151178
0.0115304693666379
-0.00907058803384823
0.00410800725299811
-0.00177520843215374
0.000535147726698653
0.0178305353958767
-0.0105818019291108
-0.0140337704112478
-0.0230710598527063
0.00321042746419608
0.00507504317828625
-0.00453138836151742
0.00611677597606845
0.0106834510912482
0.00224196429237374
-0.0174622805475196
-0.0114651844393333
0.000666672616296003
-0.00182688780259129
-0.0206183003586277
-0.0103792800239664
-0.00526166064991603
0.00553564684796683
-0.00902946427852949
-0.0186050835884958
-0.00819834727125204
-0.00275836961785054
0.00721388591211985
0.00614099578479347
-0.0155142520268915
0.0446311424878552
-0.00183711142219567
-0.00478026068678223
-0.00677986481652134
-0.00148253662377886
-0.0082030085826396
0.00507569896692248
0.0011880898813027
-0.0109583907782819
-0.00459524279453861
0.0015240763300318
2.48396455041261e-05
-0.0157172771020477
-0.00604462552787209
0.0198637559223481
-0.0047507050875758
0.000421377683001315
-0.00882275978240865
-0.0157393847242531
NA
9.32962198458701e-05
0.00639516832619519
0.00350508135640141
-0.0549616434708194
0.0167986697476947
-0.0140713622162374
-0.0060810256704737
0.00244462183443
0.000261297519715645
-0.00472837154658389
-0.0461611153584808
-0.0230333017426742
-0.00148817775314787
-0.0220595068628644
-0.00198048140810385
-0.00124207481673165
-0.0049584554154085
-0.0184282648008363
0.00649876957063697
0.00352293931641345
-0.0110798323245608
-0.00631495414351948
0.00348166073227663
0.00145251363686636
-0.00537285313700223
-0.016825614289338
-0.0242118500361708
0.00607666295064883
-0.020514993784142
0.00111323053233678
-0.00518797004967543
-0.00363943087838962
-0.00184989235688009
-0.00195213760112812
-0.00625991486655393
-0.00725113733876627
-0.00919289015330402
-0.000927711499063699
0.00307556320936397
-7.93221841134281e-05
-0.0115687790648122
-0.00559658547168207
0.00406552431919136
0.00356428920172801
-0.00538350813353942
-0.0321828721822226
-0.00135227907619438
0.00721737176612756
-0.0117553768870823
0.00381008547305296
NA
0.00770352045505686
-0.00301166126061719
0.00691171067372036
-0.00401094085982602
-9.28454157823358e-05
-0.00935933200571189
-0.00653966484907073
-0.0178284781448241
-0.0110484639515859
-0.00991901270852537
-0.0162626124207159
-0.0147427348036504
-0.0221848303466341
0.00407189602851746
-0.023168098142615
-0.00435780150341071
0.00326718599946708
0.00507590882047854
-0.00133459599760055
0.00126048605260624
-0.0169707481100071
-0.000652051671954935
-0.000213736990716203
-0.0018016980987729
-0.0208887173315011
-0.00169459070740953
-0.0123131404280814
-0.0177620126572634
NA
0.000838390978575226
-0.00664763532576556
-0.0115948071807516
-0.00836236643389044
-0.00512406616141049
-0.0234201039106327
-0.014520841352962
NA
-0.0164637481943869
-0.00356785948104211
-0.00747790147738977
0.0120587292211832
-0.00302261906150379
-0.00354511588241739
-0.0115622041163096
0.0112249796596553
-0.00836248867087756
-0.00729206941300656
-0.00412446560129688
-0.00242086171998926
0.0237538821807898
0.0137260875442383
-0.00472148303617273
0.0114882482046309
-0.00924859857282221
-0.0155695440816819
-0.00414196757404138
-0.00141797165526708
-0.00413409232646419
-0.00357113658247346
-0.00436830294910826
0.0186863848098157
-0.012393663588978
0.00605048086657169
0.0075722080895676
0.0131648557409646
-0.00298549958393254
-0.0237655869178279
0.00411463519091457
0.00644408729792144
-0.00526269738887075
-0.00201955122765312
0.00421994999971139
0.00401736710751417
-0.00249801476171782
-0.00833791241362267
0.00393106136555637
-0.00593045551576403
-0.00778207823216598
0.0161877042174995
-0.004098288001244
-0.00214036559769774
-0.0095993821320768
0.0403712067298379
-0.000516191102838637
-0.00255716756138951
-0.00347347505552991
-0.00373726361755869
-0.00692076633604866
0.00720155743494495
-0.00607998151744461
0.00154822404414768
0.0293996972368498
0.00724822498656175
