-0.0228204640981358
-0.00922870100112603
0.00616988166360162
-0.00228486037502711
-0.00130500169949499
-0.00753745067136816
-0.00872229155925825
-0.00936220819585347
-0.001643399912025
-0.00449913927520619
-0.000477385399921983
-0.00854230421840762
0.00275416896657077
-0.0131702415085906
-0.00236321516667538
-0.0166050188286827
-0.0150398678781889
-0.000655715833592762
-0.00729506404742255
0.00372811366922597
-0.0132215681949217
-0.0183162813631829
-0.00265237368280341
-0.0177033732386095
-0.0197620931770965
-0.000850701634377477
-0.0132276256261939
-0.000819126584789513
0.00121781110825808
-0.0188395423400135
0.00294719405493664
-0.0160674118716963
-0.0050437570947117
-0.00967157781635429
0.0053169533091475
0.00296075849672728
-0.00960219943853753
-0.000113644959898171
-0.00868472912390586
0.0011776285197693
-0.0015239898063861
-0.0102062079924753
